1965	1	1965.042	17.2	25.952307291389165	34.28511069715725	22.756922614558743	51.99413117348876	35.096353502356976
1965	2	1965.123	17.7	26.98656981748626	33.347077931275614	23.108585936158715	50.29442756897191	37.18328908539193
1965	3	1965.204	18.4	28.153577741660925	32.5599069371728	23.58356913093364	48.690668233451404	39.363814166845074
1965	4	1965.288	19.9	29.455724133593193	31.93127509894657	24.185602976102242	47.189997682359675	41.63560484490157
1965	5	1965.371	21.2	30.89132977467393	31.46844406603222	24.91982419118261	45.79962044430249	43.99630941240893
1965	6	1965.455	21.8	32.459783010784186	31.178301874612906	25.788357512572816	44.526789042964516	46.442747251779956
1965	7	1965.538	22.6	34.15889578454064	31.06784474667406	26.795077277716437	43.3786401407403	48.9718208303341
1965	8	1965.623	23.8	35.98425491508465	31.14327827692701	27.941149914461025	42.36223484345768	51.57929580444833
1965	9	1965.707	25.2	37.932716155224774	31.41068462990978	29.22797894918673	41.48466319585887	54.26081722276603
1965	10	1965.79	28.4	39.997393385304335	31.87549327881134	30.6560052505115	40.75306418999888	57.01138227231841
1965	11	1965.874	32.1	42.17255110655964	32.542389235958616	32.22315390946214	40.17436774064414	59.82523157117416
1965	12	1965.958	35.2	44.45000325584868	33.4157701490929	33.92917460779321	39.75544645081425	62.696448459334086
1966	1	1966.042	39.7	46.82197472816715	34.49836573212626	35.76859834416407	39.50274635531788	65.6182715614548
1966	2	1966.123	44.8	49.27922021741079	35.79315452340638	37.73871649648989	39.42283972719678	68.58389552236964
1966	3	1966.204	49.2	51.81264168177918	37.300315106286	39.83246033306402	39.521393742939836	71.58590042219974
1966	4	1966.288	53.3	54.412365733795156	39.02067035471267	42.044183192758204	39.8043944091987	74.61684171796712
1966	5	1966.371	57.9	57.068610940096754	40.95206330767574	44.36501323674265	40.276191493241605	77.66899249415
1966	6	1966.455	63.4	59.77128882724902	43.091420842406784	46.78711688729491	40.94131482259925	80.33060081859527
1966	7	1966.538	71.4	62.51051545042956	45.43445249160958	49.30046040315509	41.803787117824115	83.73951589459081
1966	8	1966.623	80.3	65.27636184993199	47.97393808358857	51.895577173635054	42.86645199230489	86.97501790295424
1966	9	1966.707	89.5	68.05932938406991	50.701452317455065	54.56184158233977	44.13141116258444	90.02471499104205
1966	10	1966.79	95.8	70.84996217030498	53.60714023025288	57.28886838886125	45.599633728939274	93.06542509563762
1966	11	1966.874	99.4	73.63948171560178	56.67844558533405	60.065860328861405	47.27040046210588	96.08305120354781
1966	12	1966.958	103.	76.41909793634252	59.90201241306321	62.882210039934094	49.14195858202367	99.0686305694913
1967	1	1967.042	106.2	79.18091843077057	63.26326103571315	65.7273222227853	51.21107418961605	102.01775319635577
1967	2	1967.123	111.6	81.91690652245768	66.74632166737221	68.59096255242206	53.47229667611215	104.92320488644766
1967	3	1967.204	116.5	84.62010792620084	70.33516067436182	71.46304644350342	55.91896384885798	107.77933471268258
1967	4	1967.288	119.8	87.28326454523435	74.01333087105375	74.33413043878994	58.542775734853294	110.58064138075098
1967	5	1967.371	123.9	89.90036738574501	77.76441819737438	77.19482841599965	61.333119435413174	113.32217071208946
1967	6	1967.455	129.4	92.46494788656959	81.57216375415675	80.036695647778	64.27830649991512	115.99803005489593
1967	7	1967.538	133.3	94.97192506700334	85.42045357777414	82.85113114293428	67.36524705676047	118.60441957116124
1967	8	1967.623	135.	97.41562241216808	89.29370275523029	85.63075136593798	70.5790959721726	121.13726797700204
1967	9	1967.707	134.9	99.73589124853012	93.17663150173627	88.3677685915934	73.90435575078911	123.59154271676444
1967	10	1967.79	134.5	101.85410864544812	97.05437017582967	91.05583973030753	77.3245302603894	125.96509615543106
1967	11	1967.874	137.6	104.36213796607522	100.91285744425981	93.68808192031334	80.8224503529124	128.25432185270083
1967	12	1967.958	142.5	106.53510996515966	104.73842705295215	96.25906305913583	84.38080130900106	130.4561197484272
1968	1	1968.042	145.3	108.59436333814268	108.5180093975534	98.76292343981717	87.98206562307159	132.56903357622537
1968	2	1968.124	145.7	110.57157192272913	112.23943043292076	101.02216459407477	91.60902204431976	134.59008836261432
1968	3	1968.206	148.2	112.46141740821018	115.89093187031546	103.3582885830487	95.2446377439773	136.517789760811
1968	4	1968.29	151.8	114.26123075153899	119.46129685479843	105.89299953444448	98.87289825734774	138.3511207954335
1968	5	1968.373	152.4	115.9691857863328	122.94049125556164	108.07783088315651	102.47775826133142	140.08839800125932
1968	6	1968.456	150.9	117.58335661090905	126.31831489984053	110.17522378493791	106.04489365353108	141.7272996173639
1968	7	1968.54	148.9	119.10163680383131	129.5863024915464	112.18502041056823	109.56031332443904	143.26850885060492
1968	8	1968.624	148.4	120.52342301007342	132.73585420016227	114.10206261238918	113.01101211853785	144.7114132661424
1968	9	1968.708	151.5	121.84777080226026	135.75941001386565	115.92417888929326	116.38560586946967	146.05445848354148
1968	10	1968.791	155.5	123.0737820768293	138.6498836666979	117.6491024981885	119.67264150031309	147.29798039903324
1968	11	1968.874	156.6	124.20170534410295	141.40055541608615	119.27484452283264	122.86270175157286	148.44255996844205
1968	12	1968.958	156.	125.23109836749845	144.00586186094722	120.79960799159882	125.94636735254163	149.4880850783429
1969	1	1969.042	155.7	126.16200286540325	146.45990248441518	122.22280698712623	128.91591486334414	150.43405186592477
1969	2	1969.123	155.1	126.99472635615658	148.75869359653325	123.54315944457436	131.76379727933988	151.28209527096465
1969	3	1969.204	152.9	127.72910106768079	150.89729175418472	124.76048974305802	134.4839345051573	152.03291558867403
1969	4	1969.288	150.7	128.3657906652417	152.8728624274325	125.87476644650638	137.07032188738947	152.6864013687887
1969	5	1969.371	150.4	128.90517365670283	154.68162350903077	126.88543845259957	139.51818530475714	153.24395488001792
1969	6	1969.455	150.1	129.34729573891607	156.32169988707176	127.79300734167747	141.8241416158584	153.70713461059225
1969	7	1969.538	149.9	129.69348017535	157.790396199965	128.59746221547675	143.98281686058056	154.07714040980304
1969	8	1969.623	150.7	129.94458311790868	159.08686659057858	129.29900747919987	145.9924547580177	154.3545684554385
1969	9	1969.707	149.2	130.1011179294955	160.20922289451232	129.89835072412995	147.850899544614	154.5410758484621
1969	10	1969.79	147.4	130.1641386242344	161.15760535397925	130.39545197233588	149.55430285471326	154.63859282475042
1969	11	1969.874	148.	130.1351018942426	161.93219076912223	130.79133972018	151.10298414149062	154.6486790044092
1969	12	1969.958	148.5	130.01516130440504	162.53168189974042	131.0870959670788	152.49542068584424	154.57259994183192
1970	1	1970.042	149.5	129.8049650085373	162.95817226819503	131.28351810495462	153.73013665442235	154.41208130458912
1970	2	1970.123	150.1	129.50634642848678	163.2129074807419	131.38116772220326	154.80817094809208	154.1691149650272
1970	3	1970.204	150.3	129.12080085342518	163.2956347285001	131.38180813161588	155.72875565759196	153.8454560996985
1970	4	1970.288	150.3	128.64960877327954	163.2098381388423	131.28667362848407	156.49223488934675	153.44277237397324
1970	5	1970.371	149.8	128.09397040248254	162.95760384949165	131.0966345694991	157.10042884740082	152.96284710648686
1970	6	1970.455	149.1	127.45602693642098	162.54016059904035	130.81321944671825	157.55416434308324	152.40759299049293
1970	7	1970.538	147.	126.73747963039283	161.96176633739182	130.4382008079919	157.85349433668003	151.77883114836493
1970	8	1970.623	143.	125.93967586517634	161.2253615072448	129.97308913816184	158.0017073277658	151.07843355277188
1970	9	1970.707	137.6	125.06452339833186	160.3335219973621	129.41887238263973	158.00074566068912	150.30822112700244
1970	10	1970.79	132.9	124.11417883085001	159.29109035489256	128.77793403925952	157.85149509658658	149.469901408937
1970	11	1970.874	126.5	123.09056802608205	158.10177969644795	128.05209442297198	157.55723952714985	148.56525122913368
1970	12	1970.958	119.	121.9954735191879	156.76929742020064	127.2428977402751	157.12099465375368	147.59620921595706
1971	1	1971.042	113.8	120.83063841911377	155.29893512383524	126.35217721873704	156.54498200191298	146.56467018266383
1971	2	1971.123	110.1	119.59852988142569	153.6950686545483	125.38231182853619	155.83201299747793	145.47200696258218
1971	3	1971.204	105.3	118.30124281663977	151.96229994791847	124.33536221150267	154.9860438355535	144.319868538559
1971	4	1971.288	100.4	116.94087213528981	150.10624905621108	123.21327532044843	154.01032580704418	143.10990389344101
1971	5	1971.371	96.5	115.51888730855474	148.13183740297768	122.01784994824621	152.90750577222087	141.84389383879846
1971	6	1971.455	94.5	114.0381836335976	146.04432621283183	120.75174116033824	151.68215513665612	140.52411170224892
1971	7	1971.538	92.7	112.50111410458673	143.84956690590047	119.41719047623259	150.3380728846911	139.151213806052
1971	8	1971.623	91.5	110.90999589400427	141.55290943989866	118.01643941543723	148.87858794830524	137.72664177354517
1971	9	1971.707	93.2	109.26672979066124	139.16006648326695	116.55107485303937	147.30804137965825	136.25183722806602
1971	10	1971.79	93.8	107.57393094237153	136.67704945627926	115.02420083219033	145.63078821214592	134.72824179295398
1971	11	1971.874	94.7	105.83439011180002	134.10953493795546	113.43831913899801	143.85079971885025	133.15832014018832
1971	12	1971.958	98.3	104.05064324578929	131.4635176415367	111.79590910956583	141.97221029741445	131.5423401635219
1972	1	1972.042	100.3	102.22502823148423	128.74510901432575	110.09895484137236	139.99979623854995	129.88140940521498
1972	2	1972.124	100.9	100.35988801187698	125.96015692133541	108.35041016868902	137.93800203566528	128.17671798923345
1972	3	1972.206	102.6	98.45842714807951	123.1148607591158	106.55317940980187	135.7909039857354	126.42945603954307
1972	4	1972.29	104.	96.5233952971859	120.21545864696367	104.70997598577436	133.56355647120998	124.64153597073923
1972	5	1972.373	103.3	94.55754211628971	117.26802648676042	102.82318492768391	131.26063351524041	122.81355633499727
1972	6	1972.456	99.9	92.56292479480024	114.27877916373133	100.89561129056277	128.88659780568284	120.9461865414794
1972	7	1972.54	96.6	90.54319994549344	111.25409483273187	98.93054488681649	126.44633855997998	119.04038924586443
1972	8	1972.624	92.9	88.50137700898422	108.20020288860904	96.93092780393307	123.94482148011703	117.09712710383127
1972	9	1972.708	88.2	86.440445908677	105.12332671168974	94.89951490942644	121.38680388937708	115.11768730163153
1972	10	1972.791	85.9	84.36282464926931	102.02999550716993	92.83893366172987	118.77707370111524	113.10295823421484
1972	11	1972.874	83.3	82.27194862627292	98.92659087362225	90.7529477219365	116.12086225319281	111.05343576021191
1972	12	1972.958	78.2	80.17141104217559	95.81928254151813	88.64475625851155	113.42319034070553	108.96993833052593
1973	1	1973.042	72.3	78.06449095744198	92.71486283715178	86.51755653068032	110.6887380169151	106.85328439606734
1973	2	1973.123	66.1	75.95419125349909	89.61988358004294	84.37367573982957	107.92304459901759	104.70420907324099
1973	3	1973.204	62.8	73.84367178575759	86.54077280938459	82.21749693928257	105.13135877951372	102.523415212841
1973	4	1973.288	60.8	71.7371410721241	83.48430092493433	80.05252866932271	102.3185897050307	100.31197088267933
1973	5	1973.371	57.9	69.63821692235797	80.45712905774792	77.88227947023336	99.49024091996095	98.07074766455631
1973	6	1973.455	55.6	67.5499598686031	77.46584622839862	75.70962849601266	96.65205838767714	95.80061714027222
1973	7	1973.538	53.4	65.47663282605922	74.51751254520549	73.5388624165211	93.80949395330948	93.50245089162738
1973	8	1973.623	51.4	63.42240436980028	71.61886196891595	71.37406877648672	90.96801220632139	91.17693151089199
1973	9	1973.707	49.	61.39113442112819	68.77695385179587	69.21891249713278	88.13358364225903	88.8227552354822
1973	10	1973.79	46.6	59.386572556085774	65.99903107890277	67.0770115031391	85.31172225968258	86.4435967388566
1973	11	1973.874	45.4	57.41363138259328	63.29195876561593	64.95318651943825	82.50844194476231	84.04073701769633
1973	12	1973.958	45.	55.4764853225614	60.66337257511692	62.85169759438621	79.72995799741122	81.61545706868537
1974	1	1974.042	46.8	53.579593665720694	58.12059580661004	60.77635245251137	76.98198638044204	79.16903788849913
1974	2	1974.123	49.1	51.72802203960979	55.67102401729645	58.73213419201574	74.27129414584776	76.7027604738216
1974	3	1974.204	48.5	49.92623781977727	53.322520091302124	56.723873266284244	71.60415932106298	74.21265756973784
1974	4	1974.288	48.3	48.17939474128394	51.082600623354956	54.75584653846714	68.98702686011823	71.7051806630906
1974	5	1974.371	49.4	46.492859686228	48.959255133126234	52.8336095633475	66.42703137179821	69.18349046919202
1974	6	1974.455	49.3	44.871400125870366	46.960429472148924	50.9621101423529	63.93072525258783	66.6498394973031
1974	7	1974.538	48.6	43.32088300270531	45.09421727624259	49.146414482318654	61.505391378328916	64.10648025668489
1974	8	1974.623	47.3	41.84694210197737	43.368803698844914	47.39240782629691	59.15834765955464	61.55566525659839
1974	9	1974.707	45.8	40.45481648894363	41.79238875239762	45.70532509084549	56.89664656518622	58.99479459313158
1974	10	1974.79	43.2	39.15092304678664	40.37326627461914	44.09105381439763	54.72818230211436	56.429907285705404
1974	11	1974.874	39.3	37.941129243855265	39.119689937826855	42.55580114211507	52.660372803571704	53.867820916735084
1974	12	1974.958	36.1	36.831370442135345	38.03993731325323	41.105142038316295	50.701297357715674	51.31242299353857
1975	1	1975.042	33.	35.82825946651148	37.14226795319289	39.74576803024102	48.85872294408833	48.76760102343677
1975	2	1975.123	31.8	34.93803496522651	36.434661199036704	38.48410484968373	47.140934798748496	46.22988384137414
1975	3	1975.204	30.6	34.16710428503936	35.92520863370433	37.32633061284343	45.55610715282923	43.71199237169513
1975	4	1975.288	26.8	33.522020978141455	35.621653931165206	36.279561744093456	44.11255908955609	41.22064148358417
1975	5	1975.371	24.2	33.00925189853149	35.53154311231185	35.35049528673095	42.81850953750498	38.76195031403039
1975	6	1975.455	23.2	32.6352708490755	35.66206639141622	34.545935397847344	41.682579484177595	36.34037948253015
1975	7	1975.538	21.8	32.406704286225114	36.019562716336345	33.87290814622502	40.713560587633495	33.95904867456686
1975	8	1975.623	20.7	32.32981817512951	36.610474221873275	33.33833318784757	39.91996616619036	31.632834021516757
1975	9	1975.707	20.9	32.41076329877034	37.43937744697813	32.949136776625984	39.3103183045673	29.370503391723833
1975	10	1975.79	22.3	32.65561596267183	38.51098468662743	32.712400024852144	38.892816834859545	27.177542594199785
1975	11	1975.874	23.3	33.06930129287102	39.827858778265664	32.634837328018584	38.67547788872043	25.064132290435012
1975	12	1975.958	23.6	33.657741923451866	41.3917367663514	32.72304646610322	38.66617329428866	23.045271605001105
1976	1	1976.042	22.1	34.423998755926256	43.203273397311214	32.98345134683784	38.87198017571442	21.132641859973223
1976	2	1976.124	19.2	35.372779274168984	45.26042057094482	33.42143943469278	39.29989915019628	19.334317408476974
1976	3	1976.206	17.8	36.50551015401675	47.559470789155874	34.043070721924465	39.9563532592582	17.667438071558472
1976	4	1976.29	18.4	37.824527127180446	50.09505727713458	34.851705888380955	40.84716842739287	16.1477704867139
1976	5	1976.373	18.3	39.32890514881915	52.85892531162154	35.85235896288536	41.97753796405654	14.787149104878845
1976	6	1976.456	17.9	41.01791490379291	55.84077902667247	37.046359293191436	43.351577597459816	13.604566568851235
1976	7	1976.54	18.8	42.88859807244213	59.02879461737951	38.43569201798076	44.97230730492575	12.61754284862771
1976	8	1976.624	20.5	44.93722265936136	62.4091028700666	40.01965555719043	46.841765872258016	11.84197375356783
1976	9	1976.708	20.8	47.15912679293643	65.96687705622922	41.796646794938454	48.96065315794371	11.297780869136659
1976	10	1976.791	19.7	49.54838947815425	69.68667621873098	43.763802938829045	51.32770687300442	11.003614640712012
1976	11	1976.874	19.7	52.0991270121663	73.55280715307062	45.916334187155535	53.940139636290844	10.97800056418715
1976	12	1976.958	21.6	54.80413520540717	77.54961258814235	48.24950147975543	56.79364611347974	11.239807244899257
1977	1	1977.042	24.3	57.6564563664279	81.6616504551559	50.7564880086041	59.880894607488706	11.806684719874767
1977	2	1977.123	26.3	60.648182963202856	85.87352939881357	53.43077577139195	63.192822341603105	12.696392434445317
1977	3	1977.204	28.8	63.77127726527434	90.16995275159933	56.26474728997367	66.71858140376588	13.923716986914812
1977	4	1977.288	31.9	67.01714762198259	94.53569573620955	59.25049777949051	70.44458104867779	15.503165147475011
1977	5	1977.371	34.7	70.37656451681364	98.95556954629141	62.379758150230174	74.35510750441175	17.446937338211328
1977	6	1977.455	37.7	73.84016343753193	103.4144577435093	65.64337576033812	78.43377552375551	19.76360468924936
1977	7	1977.538	41.4	77.39746595082968	107.89723520650446	69.03235259089729	82.66118973737977	22.457555759908246
1977	8	1977.623	47.6	81.03822410731219	112.38872906209978	72.53631793671852	87.01769822489702	25.529023044113167
1977	9	1977.707	55.8	84.75090314727841	116.87394858364904	76.1450364365853	91.48233823657003	28.970147311399064
1977	10	1977.79	64.8	88.52419294167568	121.33806236025846	79.84726946138147	96.0333841639532	32.768116376340885
1977	11	1977.874	73.7	92.34577562553491	125.76635052078407	83.63136684398228	100.64896432966626	36.90540443309606
1977	12	1977.958	80.7	96.20361567175098	130.14454981248397	87.48531019314336	105.30697104127219	41.35871756643466
1978	1	1978.042	86.9	100.08482105795204	134.45872027023447	91.39619978424702	109.98576291079397	46.10057353486215
1978	2	1978.123	91.5	103.9767919281197	138.69529174962543	95.35120986675629	114.66372888988569	51.10184203936581
1978	3	1978.204	98.7	107.86658885126793	142.84159990306608	99.33681084085654	119.32075639529202	56.328290481202
1978	4	1978.288	109.	111.74128425535305	146.8852742301198	103.33944803007495	123.93685042709525	61.745524303820154
1978	5	1978.371	117.8	115.58839381862552	150.81521653115072	107.34540043856204	128.49377878687878	67.31727911011272
1978	6	1978.455	126.6	119.39498937694232	154.6202055007039	111.34079423827264	132.9734992924947	73.00685999403632
1978	7	1978.538	138.	123.14942618395514	158.29082226138217	115.31211859661194	137.36012466884	78.77748884603263
1978	8	1978.623	147.3	126.84176655236111	161.81699855993224	119.24567280084113	141.6381446404852	84.59369801919432
1978	9	1978.707	153.6	130.45414742403327	165.1911641326549	123.12853351879393	145.79396751196538	90.41927128240259
1978	10	1978.79	157.3	133.948092610162	168.40429221641287	126.95005742341155	149.81484464827784	96.22252079625126
1978	11	1978.874	160.4	137.34511691365583	171.45105091829515	130.69221406793312	153.68918840511728	101.96909979533042
1978	12	1978.958	166.7	140.67463375254337	174.32430569584778	134.3363133798329	157.4067701777806	107.63223733459122
1979	1	1979.042	175.2	143.8835717736433	177.01838944488222	137.83630680544576	160.95975233321914	113.1807946769309
1979	2	1979.123	185.4	146.96915769238944	179.52999890676108	141.28744138733998	164.33715737519012	118.59313008710889
1979	3	1979.204	193.3	149.92407530396034	181.85318243311752	144.61528157943386	167.53521034562422	123.84232741963545
1979	4	1979.288	199.9	152.74131471173166	183.98605516550916	147.81527765152586	170.5467038889104	128.91185887258993
1979	5	1979.371	208.5	155.41433070405992	185.92611992363217	150.87943177176922	173.36662575114246	133.77798422671688
1979	6	1979.455	216.7	157.93775740446168	187.66986541840805	153.80034264305252	175.99228192703072	138.42975971431804
1979	7	1979.538	219.5	160.3062601847368	189.21774924078034	156.5706452983352	178.41818754767914	142.8542676775371
1979	8	1979.623	220.1	162.51523903435833	190.56790828924366	159.18474041815054	180.64392925621587	147.03234529731145
1979	9	1979.707	220.4	164.55994015873392	191.72018981312144	161.63666480230418	182.66673248420858	150.96263641941246
1979	10	1979.79	223.4	166.43890005047723	192.6759650804648	163.9216945062145	184.48533889571667	154.63622697441818
1979	11	1979.874	229.8	168.14908214947442	193.43412813193356	166.03444542485528	186.10055013293655	158.04227300791126
1979	12	1979.958	232.9	169.68692904557784	193.99758267731266	167.97336934777329	187.50971463687088	161.1830898173225
1980	1	1980.042	232.	171.053427146637	194.36850497862258	169.73524954906992	188.71595150706906	164.05424152413175
1980	2	1980.124	230.2	172.247486397102	194.54750137068064	171.31631549508145	189.72088714758274	166.652325273469
1980	3	1980.206	227.9	173.2664565512732	194.53802454756524	172.71754772351858	190.52514184371475	168.98187630830495
1980	4	1980.29	224.6	174.11280678443137	194.34382632231427	173.9376516371429	191.12928350732184	171.04221391456602
1980	5	1980.373	221.3	174.78702709084206	193.9672259720714	174.97419414487467	191.53841142683976	172.83538550431356
1980	6	1980.456	219.1	175.28787291150283	193.41184513721024	175.82962846201173	191.75543005686612	174.36757863770578
1980	7	1980.54	216.1	175.61858407622586	192.68258639055094	176.5043803029961	191.78179210741678	175.64052647422267
1980	8	1980.624	212.	175.781038396119	191.78317483121404	176.99732167588758	191.6215671349138	176.6597874665864
1980	9	1980.708	211.5	175.775472984103	190.71752907871033	177.31212231623437	191.27970463189556	177.43317665279662
1980	10	1980.791	211.9	175.60541087705744	189.49124438541688	177.45063868799528	190.76020259487223	177.9669788105187
1980	11	1980.874	209.1	175.2740403474903	188.10902936604055	177.4128877405821	190.06566926670607	178.26511593618912
1980	12	1980.958	202.8	174.7837279444781	186.575223964718	177.2034445232525	189.20205586463803	178.33721259915703
1981	1	1981.042	199.6	174.13668470281183	184.89574272767064	176.82535388097827	188.1741653641919	178.19093179698618
1981	2	1981.123	202.2	173.33769788823764	183.0758644447794	176.28075756552522	186.98645565356796	177.83353931869766
1981	3	1981.204	205.4	172.3903568863731	181.12048702451418	175.5730546373998	185.64333618559897	177.27232276065277
1981	4	1981.288	205.7	171.29742294335233	179.03549273748126	174.7069350925951	184.1505750527384	176.5156967131169
1981	5	1981.371	204.1	170.0633809399191	176.8264459806629	173.6862074829229	182.51328894856968	175.5715246162096
1981	6	1981.455	200.9	168.69274649846238	174.4987604031817	172.51364125976477	180.7362190276088	174.44804176953213
1981	7	1981.538	198.5	167.189563234627	172.05813952704452	171.19481693404958	178.8246629995026	173.1527781331902
1981	8	1981.623	199.9	165.55761664109576	169.51027005831776	169.73419590419178	176.78418742553143	171.69311656735002
1981	9	1981.707	202.7	163.80199640842045	166.86080674828145	168.13583381965108	174.62011883681174	170.07665130779364
1981	10	1981.79	201.4	161.9272216617572	164.11538523669603	166.40447590310646	172.33778376452295	168.31239836325832
1981	11	1981.874	196.	159.93734554342373	161.27963125286144	164.5452867809277	169.94247754389465	166.40584663207457
1981	12	1981.958	194.1	157.8371969519084	158.35923176427238	162.56303924299078	167.4395575041129	164.36388527627588
1982	1	1982.042	192.7	155.63183990886833	155.35981715293892	160.46195992220112	164.8343694521991	162.19443903475812
1982	2	1982.123	186.6	153.32607835884332	152.28685575291766	158.24780521677783	162.1322504889191	159.9052878719048
1982	3	1982.204	180.	150.92457925631976	149.14593573363922	155.9257152677	159.33853771503533	157.50065334334644
1982	4	1982.288	173.4	148.43199524137094	145.94268698545199	153.50083021594676	156.45887573944677	154.9865124153858
1982	5	1982.371	167.5	145.85361432861592	142.68241195235032	150.9779009541308	153.49821925578857	152.36884205432557
1982	6	1982.455	164.	143.19439253422485	139.37055448256842	148.3625019719837	150.4618118793949	149.65430327659448
1982	7	1982.538	161.5	140.45928587432047	136.01269661138537	145.66002450268124	147.35490545255408	146.85153854301595
1982	8	1982.623	153.5	137.65277131916957	132.61403767494656	142.87577140128963	144.18277736832115	143.96206741787475
1982	9	1982.707	141.4	134.7804121700932	129.17992226196577	140.01474424218478	140.9507738267485	140.99091175695466
1982	10	1982.79	133.3	131.8473654791161	125.71575795954719	137.08240788788268	137.66397967640216	137.94309341603622
1982	11	1982.874	131.3	128.85875688922533	122.22680009603648	134.08448718410975	134.32760630559224	134.82363425089994
1982	12	1982.958	130.5	125.81978269863517	118.71833146456373	131.02646648380906	130.94686510253453	131.64056871130447
1983	1	1983.042	127.9	122.73550558954001	115.19561647635238	127.91386750604431	127.52681024828955	128.39529332590206
1983	2	1983.123	123.9	119.61094971609012	111.66398534068361	124.75219850417217	124.07256665710864	125.0920307083794
1983	3	1983.204	117.1	116.45114817504977	108.12878336229421	121.54679849870428	120.5897464886703	121.73508736864586
1983	4	1983.288	110.5	113.26090949262823	104.59523600653777	118.30309849619258	117.0836772499247	118.32876981661089
1983	5	1983.371	104.5	110.04583632778493	101.06871497776986	115.02619547884387	113.55968644792301	114.87802421531981
1983	6	1983.455	95.9	106.81120030962717	97.55479949453962	111.72198671155121	110.02260871853164	111.3865474806396
1983	7	1983.538	89.1	103.56186929315831	94.05883268896685	108.39616383055127	106.47811093291219	107.85828457143438
1983	8	1983.623	88.9	100.30347222172423	90.58616544631546	105.05405847789118	102.93228843472866	104.29735657305588
1983	9	1983.707	91.7	97.04186452791252	87.14281134087399	101.70141366434828	99.39079057988195	100.7078845708433
1983	10	1983.79	92.	93.78259104864449	83.73442933556025	98.3445925300994	95.85841579526262	97.09271103842704
1983	11	1983.874	89.7	90.53102652198291	80.36628477823344	94.98957483996436	92.34187389858816	93.45667177333502
1983	12	1983.958	85.5	87.29341522210139	77.04501855538682	91.6420131800117	88.84746483449256	89.80522145058565
1984	1	1984.042	80.5	84.07546060873676	73.77672965543418	88.30861113051489	85.3811710737109	86.14296171461658
1984	2	1984.124	75.8	80.88286115829482	70.56679299992196	84.99550664990984	81.94849431155818	82.47449420986541
1984	3	1984.206	71.2	77.72241356861721	67.42241240884584	81.70873688117796	78.55716221887131	78.80214006457055
1984	4	1984.29	66.8	74.60016733848624	64.35028717131702	78.45557700337703	75.21373766816362	75.13010651794123
1984	5	1984.373	63.5	71.52249986169541	61.3563532605847	75.24250273319872	71.92446989072411	71.46741432022134
1984	6	1984.456	61.7	68.49679806229136	58.44804675484235	72.07637085752154	68.69760855376401	67.81989726260991
1984	7	1984.54	58.3	65.52967596556874	55.63285132381782	68.96505670147896	65.5403580469188	64.193389136306
1984	8	1984.624	52.2	62.628397466285925	52.917512788446786	65.91561410348356	62.45977530514213	60.59216022617266
1984	9	1984.708	44.3	59.80071020525836	50.309775726924244	62.93593509416203	59.4649349027454	57.019462466727234
1984	10	1984.791	37.2	57.05376204541908	47.817980985012674	60.03418369060569	56.56376867289077	53.48857055829475
1984	11	1984.874	31.6	54.396164073794225	45.44954973679629	57.218222251319204	53.76426059946261	50.00733509215645
1984	12	1984.958	27.4	51.83562801068422	43.2134315266847	54.49719743173599	51.07625537247612	46.581681989634085
1985	1	1985.042	25.2	49.38102693398494	41.1179033844633	51.87931065783898	48.50848389924443	43.21673195032917
1985	2	1985.123	23.5	47.04114231142955	39.17169827744304	49.37433349346688	46.07009905138335	39.928583460771364
1985	3	1985.204	21.7	44.824831864318554	37.38387199745473	46.99143400015557	43.77174964501802	36.727945542791744
1985	4	1985.288	21.3	42.742023876922765	35.76351279662662	44.740493855467264	41.62290884512231	33.62351997171912
1985	5	1985.371	21.4	40.8018842566243	34.319955431968935	42.631900617419944	39.63467051927783	30.624931436828916
1985	6	1985.455	20.8	39.014993870631024	33.06263555540114	40.67578456679629	37.817411591790204	27.751777006886815
1985	7	1985.538	19.9	37.39130982535286	32.001028057325314	38.88334848294082	36.18232282390604	25.016702144157
1985	8	1985.623	19.6	35.94189653170456	31.144638003628895	37.265569955464024	34.74061105305972	22.43223750782059
1985	9	1985.707	19.8	34.67745643201868	30.50289665967214	35.834169505293445	33.50392662861432	20.021634041691044
1985	10	1985.79	19.7	33.609187737897706	30.085140171064374	34.60079964522548	32.483967605083215	17.80225322599814
1985	11	1985.874	19.1	32.74815570711423	29.900279425621562	33.57732502198373	31.692623843070912	15.791562445185793
1985	12	1985.958	17.3	32.10617715290183	29.957254012214406	32.77593384605168	31.141767133417126	14.017009404066012
1986	1	1986.042	15.2	31.69480402648736	30.263906222921374	32.20919985438792	30.84328273947377	12.499051939391572
1986	2	1986.123	14.3	31.525673632142308	30.82807744332365	31.88950319493047	30.808856215538995	11.265215879103993
1986	3	1986.204	14.3	31.609816922706788	31.65617535600445	31.82899946395886	31.04979633715423	10.34326085126925
1986	4	1986.288	15.1	31.957914067237315	32.75381021006457	32.03959862557385	31.577298840167668	9.759955845336309
1986	5	1986.371	15.8	32.57958392694615	34.12535279815851	32.53188708386158	32.401535471439985	9.546507696990146
1986	6	1986.455	15.2	33.483681298469556	35.77329424469094	33.31594412461668	33.53230484941831	9.732487856008946
1986	7	1986.538	15.1	34.677854430998586	37.69812907362636	34.40080731095809	34.97855379399249	10.34846411534081
1986	8	1986.623	14.4	36.168250392818685	39.89814020998776	35.79367126739288	36.74805972588684	11.423463648525807
1986	9	1986.707	13.5	37.95940548743065	42.369273620842165	37.50012505181853	38.846937773318146	12.985449730911583
1986	10	1986.79	14.7	40.05412976223206	45.1053134063188	39.52400675819871	41.279398626175094	15.05921135647
1986	11	1986.874	16.6	42.453496888161744	48.09833246374138	41.867468562498324	44.04731586610706	17.66624212352276
1986	12	1986.958	18.3	45.15744519741166	51.339297402977664	44.530821208199114	47.15010320378744	20.82450598439254
1987	1	1987.042	19.9	48.16386766537835	54.81862301954616	47.51238953208585	50.58325606883089	24.54300069875263
1987	2	1987.123	22.3	51.46894907485622	58.526453165747675	50.8090859246548	54.33967428147775	28.822742410014857
1987	3	1987.204	25.5	55.06758242747223	62.45257147432299	54.41604143183781	58.41001798594202	33.6560689875178
1987	4	1987.288	28.	58.9524134678099	66.58611978662837	58.32565392542554	62.7800161113673	39.0256345793133
1987	5	1987.371	30.3	63.11323540508276	70.91540473002263	62.52855776388521	67.43334098604922	44.90252229321561
1987	6	1987.455	32.7	67.53994845658131	75.42764314719575	67.0134483918792	72.35145029524665	51.25069489124287
1987	7	1987.538	36.2	72.21737891550292	80.10884130000764	71.76540776156979	77.51194008677956	58.02708753325609
1987	8	1987.623	40.5	77.13092068301017	84.9436726675077	76.76958282468094	82.89079814554489	65.18158820885009
1987	9	1987.707	45.3	82.26200978101704	89.91540481317713	82.00588537071958	88.46241017405993	72.65787606951389
1987	10	1987.79	51.	87.59112121143227	95.00605366596169	87.4545576603506	94.20000435833668	80.39862775323958
1987	11	1987.874	55.1	93.09693843696633	100.19630492871936	93.09245723256326	100.07077870707955	88.3413987226874
1987	12	1987.958	60.9	98.75588087100829	105.46582776358974	98.8951670739414	106.00270339541284	96.42467090644303
1988	1	1988.042	69.2	104.54432131770609	110.79364323855002	104.83716806572771	112.05310093998011	104.58569073726557
1988	2	1988.124	76.9	110.43612577741328	116.15800172231063	110.89088682959093	118.14976863073744	112.76487185440989
1988	3	1988.206	84.9	116.40554686951576	121.53678204988844	117.02880978476581	124.26206896062808	120.90192263480742
1988	4	1988.29	93.	122.42560529679676	126.90765979168444	123.22206388947524	130.36207991818497	128.94335083386164
1988	5	1988.373	101.4	128.46952591830748	132.24853447229594	129.4420206886452	136.42145118222675	136.83630458924873
1988	6	1988.456	114.3	134.510207195739	137.53746098007036	135.6596946967629	142.41195931138918	144.5348762830168
1988	7	1988.54	128.5	140.52133852599454	142.7533750334469	141.8468906091116	148.3072700607179	151.9947550836361
1988	8	1988.624	141.1	146.4762310669204	147.87505070024224	147.97508973667604	154.08214376732346	159.17963061815163
1988	9	1988.708	151.2	152.35042766651748	152.88373147608888	154.01806456404165	159.7134433587999	166.05465801608634
1988	10	1988.791	156.9	158.11910228927837	157.75915294684205	159.94940485104186	165.180450121484	172.5929154063173
1988	11	1988.874	164.4	163.75985042121192	162.48602512758907	165.74496654234832	170.4622767171818	178.7692575361517
1988	12	1988.958	176.1	169.24957710684106	167.0463407062543	171.38051677787672	175.5432241646698	184.56531664532986
1989	1	1989.042	184.8	174.56923187301197	171.42754972178994	176.8353030040496	180.4058431235883	189.96514103333766
1989	2	1989.123	190.7	179.698258665028	175.6142686554111	182.08815698319094	185.03782476555622	194.95743040367734
1989	3	1989.204	198.	184.62106388366652	179.59642408804348	187.12181528967034	189.42721094867977	199.53340822579406
1989	4	1989.288	203.8	189.32002027042455	183.3612994830728	191.9186871903561	193.56402025980447	203.69378558763086
1989	5	1989.371	209.5	193.78354188841774	186.90163991968052	196.465493829026	197.440579404099	207.43028689841546
1989	6	1989.455	212.1	197.99677308392788	190.20683109717964	200.74801602730798	201.04909001634087	210.7492409602163
1989	7	1989.538	212.	201.95219256472447	193.27262835432924	204.7578317547866	204.38546399550833	213.65593880035456
1989	8	1989.623	211.1	205.63805182568873	196.09419021209607	208.48169097075012	207.44385958177236	216.15032361167377
1989	9	1989.707	210.5	209.0474875774452	198.6635412318268	211.91492617148108	210.22406152111077	218.2462027097807
1989	10	1989.79	212.4	212.17637466446357	200.9821155099734	215.0509758796632	212.72044641322574	219.95109482370424
1989	11	1989.874	212.5	215.01591616448798	203.04697699508927	217.88354835249584	214.93677421928996	221.2743348662302
1989	12	1989.958	206.2	217.56712108522868	204.85551541402347	220.4128146414638	216.8742178307779	222.2301169931836
1990	1	1990.042	201.2	219.8262434701361	206.41112897158902	222.63389380468746	218.53090982427364	222.82918699618628
1990	2	1990.123	202.4	221.7924022659665	207.7133366030827	224.54901538173974	219.91095785774593	223.0853424769671
1990	3	1990.204	200.9	223.4682390077476	208.76413506946028	226.15864827915536	221.0198944795422	223.0128232583157
1990	4	1990.288	198.1	224.8513833771737	209.56815234241412	227.4629150302686	221.86053977094306	222.62440649311065
1990	5	1990.371	195.1	225.94762631806685	210.12703637839502	228.46794536943412	222.4355369487235	221.93490639852243
1990	6	1990.455	192.	226.76083100188083	210.44611929604568	229.17708566851869	222.75315672438163	220.95847024379808
1990	7	1990.538	190.1	227.2920864606651	210.5310619783549	229.5917323529014	222.8190931487626	219.70962904582694
1990	8	1990.623	191.6	227.54771753509647	210.38436915987833	229.7212987508434	222.63731096038308	218.20330763984956
1990	9	1990.707	194.6	227.53475261658275	210.01404666670769	229.57197444717968	222.21596357718627	216.45156550000493
1990	10	1990.79	195.2	227.2579978119547	209.42669632435627	229.14789023273846	221.56209654691224	214.46779572673134
1990	11	1990.874	195.2	226.7234836957275	208.62872087334472	228.45847542779802	220.68203615918034	212.2669996931491
1990	12	1990.958	197.8	225.93962193363436	207.6247819384803	227.51149152571008	219.58284545223538	209.86229167544792
1991	1	1991.042	202.8	224.9133221970781	206.42355435266978	226.31371022121775	218.2722925139248	207.2634966848032
1991	2	1991.123	204.4	223.65113123238007	205.0323460625707	224.87381287760726	216.75765462254552	204.48245512300986
1991	3	1991.204	203.9	222.1617003159968	203.45830742335545	223.20040225301958	215.04608253727758	201.53375008119326
1991	4	1991.288	203.8	220.45279566145695	201.70821646455173	221.30164337381504	213.14512091300585	198.42670227390408
1991	5	1991.371	202.9	218.5319642221241	199.7897082246567	219.18596576017225	211.06215497852392	195.16994826044524
1991	6	1991.455	202.8	216.40730876325006	197.71012815895116	216.86194871653575	208.80456996260298	191.77353831153047
1991	7	1991.538	203.5	214.08676010814233	195.47678687923786	214.33812516472483	206.3804504973773	188.25115281684447
1991	8	1991.623	203.3	211.578347576703	193.09765949802897	211.62299398563377	203.7966786335053	184.6080770358744
1991	9	1991.707	200.9	208.8898985450195	190.57919372805475	208.72484712534794	201.05989687054728	180.85206017976193
1991	10	1991.79	196.7	206.02920309815124	187.92834923911786	205.6520756028405	198.177156081062	176.99203536459225
1991	11	1991.874	191.4	203.00410343150776	185.1521499380417	202.41310573535236	195.15577125124355	173.04137747733893
1991	12	1991.958	183.1	199.8226620778081	182.25893235071814	199.0170929860215	192.00399071021587	169.0017811353601
1992	1	1992.042	172.6	196.49305673256825	179.25402008546737	195.4713342386188	188.72677138410157	164.87979840160085
1992	2	1992.124	161.1	193.0222413350583	176.1437383749721	191.7839373740828	185.33061036251178	160.68198133900657
1992	3	1992.206	151.8	189.4177934615426	172.9345434131037	187.96301027335198	181.82200473505304	156.41488201052238
1992	4	1992.29	146.	185.6872906883492	169.63482155851133	184.01785665260303	178.20860160581867	152.08642131865358
1992	5	1992.373	142.1	181.83967688651978	166.24893966025195	179.95551681525478	174.4960292924525	147.70598910471375
1992	6	1992.456	137.1	177.88101246103523	162.78254578471575	175.7830208956589	170.68961675435997	143.274669974594
1992	7	1992.54	128.5	173.8180699513982	159.24147412682618	171.50791878247355	166.79532336013256	138.79799313254682
1992	8	1992.624	119.3	169.6579054376881	155.63155888150672	167.13809059743474	162.81928948021815	134.28148778282477
1992	9	1992.708	113.	165.40793619388612	151.96078898479493	162.6812198087119	158.7681800243436	129.7306831296805
1992	10	1992.791	109.	161.0752606827381	148.23274573780134	158.14399475965152	154.64667029938272	125.15140044902603
1992	11	1992.874	106.3	156.66614705510833	144.4522293376309	153.53367363549583	150.46037602852832	120.54935579411733
1992	12	1992.958	104.5	152.18737876679683	140.62445896137828	148.85754236618345	146.21491293501165	115.92940459230255
1993	1	1993.042	101.9	147.64573927360237	136.75465378613816	144.12374671742293	141.91594991433513	111.29693207423222
1993	2	1993.123	99.3	143.0489316997678	132.84934775575272	139.3380332317516	137.56906068760205	106.6573234705569
1993	3	1993.204	95.4	138.40229035068916	128.91253097051373	134.50721429620256	133.17980931743915	102.01596401192722
1993	4	1993.288	90.2	133.71216778985556	124.94861517433199	129.63787865179515	128.75378719666847	97.3763240532937
1993	5	1993.371	84.2	128.9847481277098	120.96241191989327	124.73704466431607	124.2964024345131	92.74424908797904
1993	6	1993.455	78.6	124.22650403453825	116.9587327598833	119.81185475828792	119.81262841821378	88.12821948251747
1993	7	1993.538	76.5	119.44415216749812	112.94253314585801	114.86908144097792	115.30923034125124	83.53450932217987
1993	8	1993.623	73.6	114.64418752782119	108.91847763286182	109.91531165637257	110.79211754236613	78.96939269223721
1993	9	1993.707	68.3	109.83234098503745	104.89124608513727	104.95886391286659	106.26719936016939	74.43510410887046
1993	10	1993.79	63.2	105.01655944568435	100.86558480462327	100.00728576743873	101.73920784254098	69.94136293922828
1993	11	1993.874	58.4	100.20389681073028	96.84580606589708	95.0674258650611	97.21533905482114	65.49766837624472
1993	12	1993.958	55.1	95.40089284037359	92.83709215414476	90.1480432979331	92.70282144600381	61.11183354495131
1994	1	1994.042	52.6	90.61521272114047	88.84459289513762	85.25734107785256	88.20793616447548	56.79167157037964
1994	2	1994.123	50.2	85.85492446312395	84.87328950734414	80.40289167047712	83.73627133790836	52.53959101122266
1994	3	1994.204	49.4	81.126775440082	80.927374724506	75.59486081031397	79.29694771206327	48.371099484130056
1994	4	1994.288	49.6	76.43997805305645	77.01287598291267	70.84181536098771	74.89754747664773	44.296457560708646
1994	5	1994.371	48.7	71.803161308495	73.1356059097956	66.1534414966826	70.54444448488876	40.32479977734821
1994	6	1994.455	46.4	67.2241240008666	69.30045118959228	61.54093676059371	66.24686923811996	36.46221087453606
1994	7	1994.538	42.7	62.713747831363335	65.51341943203731	57.01384712581413	62.014310521455585	32.72597280172382
1994	8	1994.623	40.1	58.28130563961223	61.781272289055444	52.58451785670117	57.854148076724165	29.128451277941963
1994	9	1994.707	39.7	53.9369452078427	58.10979531570508	48.26437275379865	53.77764675516275	25.680345783770814
1994	10	1994.79	39.4	49.692365003218754	54.505082812822	44.066353337423166	49.79505431690814	22.393519669432038
1994	11	1994.874	38.7	45.55804456025972	50.97495835462942	40.0040432586239	45.91543650434185	19.286863716757296
1994	12	1994.958	37.6	41.54753943018142	47.52623933669045	36.0911940142896	42.15184972303161	16.374426127578886
1995	1	1995.042	35.6	37.67253681670393	44.16529138827722	32.34336576005247	38.51541670721849	13.669946367393365
1995	2	1995.123	33.7	33.94766793280343	40.90120027781676	28.775384938946754	35.01791838289267	11.194692702915964
1995	3	1995.204	32.	30.386467022540156	37.74140026720058	25.404921817275536	31.673496843531115	8.966144634822681
1995	4	1995.288	29.4	27.004597800507142	34.6944180523339	22.249482254675694	28.49472123306927	7.001382862922626
1995	5	1995.371	27.3	23.8178767972663	31.76955688447556	19.327801681760334	25.49704474956676	5.323971308331504
1995	6	1995.455	25.9	20.843835048012284	28.97507231432688	16.659388397972716	22.694467674503493	3.9536797180706933
1995	7	1995.538	24.4	18.09967232513078	26.321422456253153	14.264031924212507	20.10342030215624	2.9145336449266104
1995	8	1995.623	22.	15.604213491134928	23.818011421696887	12.162922963993022	17.73963323484887	2.2296703091598236
1995	9	1995.707	19.	13.37616413209958	21.47562696054786	10.376949913460685	15.620611403779458	1.9232626953414034
1995	10	1995.79	17.	11.435505149864772	19.30461341990327	8.926706750902524	13.763535772803156	2.0191882009061772
1995	11	1995.874	15.9	9.801587193914763	17.31624896180944	7.832339361725585	12.186564296462066	2.5403862917428484
1995	12	1995.958	15.1	8.493534813957334	15.52170708918176	7.111663670078688	10.907733338800655	3.507015119603154
1996	1	1996.042	14.5	7.529746556122996	13.932648618882737	6.779273852120282	9.945485908437167	4.9341087838485045
1996	2	1996.124	14.2	6.926276505925523	12.560849748679031	6.845831918291197	9.317147727666113	6.8294889541921435
1996	3	1996.206	13.7	6.695762013191821	11.41837254428433	7.317669614036009	9.038603159792164	9.192666510876013
1996	4	1996.29	12.	6.847185321456702	10.517586160791176	8.196773996989187	9.124720192039442	12.014767836527227
1996	5	1996.373	11.2	7.385528973179573	9.870730741891961	9.48099531838739	9.585905793373515	15.279405757400811
1996	6	1996.456	11.6	8.311804426297828	9.490240533498781	11.164179111105797	10.429887298024578	18.963272048526637
1996	7	1996.54	11.3	9.623306248155176	9.38742481384412	13.236655742789605	11.661903228407207	23.037852607550356
1996	8	1996.624	11.2	11.31399525563128	9.573081292066542	15.687301657439596	13.281485673776087	27.470210802180443
1996	9	1996.708	11.3	13.374276548917933	10.056403907340377	18.501611698433678	15.285585739990845	32.2240706640338
1996	10	1996.791	12.	15.79331903000235	10.84358668946059	21.663354980408148	17.66817970105668	37.26092926726219
1996	11	1996.874	13.4	18.557663894540614	11.937603449202278	25.15536775167262	20.41906814392621	42.54113014735632
1996	12	1996.958	14.3	21.651799000959368	13.338037428271743	28.95792215409879	23.52535086122724	48.02479829645886
1997	1	1997.042	14.5	25.059605477842087	15.04162361593554	33.05061446928901	26.971445992854857	53.67263997133012
1997	2	1997.123	15.2	28.762643376983632	17.042832113439733	37.41200143374084	30.73926807356887	59.446471380959714
1997	3	1997.204	18.3	32.74175813361208	19.334228154212145	42.01872562958509	34.8084367445335	65.30965149740119
1997	4	1997.288	22.	36.976934065749994	21.906678160491296	46.84693071033039	39.15644068273683	71.22739230258557
1997	5	1997.371	24.4	41.446311703256704	24.749574713430587	51.87139784081948	43.758367131861256	77.16697119143332
1997	6	1997.455	27.2	46.12768758205629	27.851099621023945	57.06560453414884	48.58771743536937	83.09801009934287
1997	7	1997.538	30.4	50.99746379447032	31.198408725089656	62.4025883771575	53.61655399346573	88.99209733058197
1997	8	1997.623	33.6	56.03094831337354	34.77765678028871	67.85406784338551	58.815170324117034	94.82315739741402
1997	9	1997.707	38.2	61.203078800184706	38.57383372025005	73.391459731139	64.15288331278562	100.56701617280446
1997	10	1997.79	43.1	66.48738347788947	42.570573680373116	78.98579089837797	69.59836155071247	106.20182126530672
1997	11	1997.874	47.1	71.85728802885882	46.74997562923666	84.60803681893356	75.11972618997878	111.70728954263899
1997	12	1997.958	52.	77.28568260743067	51.09255661851692	90.2295970092707	80.68510506435472	117.067055897245
1998	1	1998.042	58.4	82.74549176313616	55.5770857593516	95.82211436138368	86.26378902096555	122.26222826554124
1998	2	1998.123	65.4	88.20977200924335	60.18079533133502	101.35878870645442	91.82353017661413	127.2810876491598
1998	3	1998.204	72.	93.65208311396393	64.87955023555439	106.81340328466584	97.33350651567412	132.10858344056462
1998	4	1998.288	76.9	99.04711514599975	69.64813293965118	112.1613835966394	102.76867732098081	136.73543571001306
1998	5	1998.371	80.8	104.36973438340796	74.46084856853078	117.38021589183874	108.10045138304696	141.15076889639008
1998	6	1998.455	85.4	109.59718954529558	79.29131529277782	122.44810624531026	113.30472147840982	145.34762430771036
1998	7	1998.538	89.8	114.70749486497644	84.11345847842277	127.34594052577295	118.35895899180589	149.31878426313284
1998	8	1998.623	93.5	119.68002614426288	88.90132271504754	132.05642536577687	123.24218300074946	153.05879463042334
1998	9	1998.707	96.4	124.49673079303861	93.6304277567547	136.56347502046884	127.93584017597406	156.56564066167445
1998	10	1998.79	98.2	129.1397129538095	98.27690266613192	140.85386061041524	132.42288442096384	159.83368026801097
1998	11	1998.874	102.3	133.59512201808542	102.81801009741216	144.91622908359977	136.6889178890414	162.86149010203025
1998	12	1998.958	110.4	137.8475401373088	107.23387338797373	148.7410152956202	140.72072028393436	165.6503165990492
1999	1	1999.042	118.4	141.88797095253278	111.50402824399119	152.32051854806102	144.50818917295499	168.1975852982486
1999	2	1999.123	122.5	145.70450296386784	115.61338785481439	155.6484272380924	148.04215871480596	170.50480223949293
1999	3	1999.204	122.3	149.29148248717192	119.54561779275079	158.72021812808288	151.31685261256368	172.57518897579843
1999	4	1999.288	125.	152.64017193843208	123.28967046199845	161.5324890726166	154.32661038496892	174.40895040840095
1999	5	1999.371	132.6	155.7477702260742	126.83268363147899	164.08363077084513	157.069317665453	176.0098032619655
1999	6	1999.455	136.3	158.608487645385	130.16730388471146	166.37284190353984	159.54294414213118	177.3823650304894
1999	7	1999.538	138.1	161.2219217222066	133.28376072004784	168.40105182542365	161.74704518378786	178.52875331129545
1999	8	1999.623	142.9	163.58521190623753	136.17839702136365	170.16969379674794	163.68357481168292	179.45408941168498
1999	9	1999.707	150.5	165.6998571753885	138.84390149281234	171.6817355330763	165.35346691772403	180.1640012565147
1999	10	1999.79	159.3	167.5656541386362	141.2806510432502	172.94046215007413	166.76150731119697	180.66337039109763
1999	11	1999.874	164.1	169.18564474259423	143.4856792023391	173.95019467016448	167.9100888862659	180.95584988819132
1999	12	1999.958	164.	170.56179531317466	145.45828469604115	174.71524651890422	168.80565754518273	181.04843417382529
2000	1	2000.042	166.1	171.69844856258612	147.20180624042374	175.2422943730236	169.45195239262122	180.94674967690395
2000	2	2000.124	170.6	172.5987134173211	148.715694950827	175.53687691917602	169.85587264467506	180.65612499073745
2000	3	2000.206	174.3	173.26803635050476	150.0048023299482	175.60431968060325	170.02449302368746	180.18215756994522
2000	4	2000.29	175.2	173.7122864460547	151.07321362920183	175.4525332170919	169.96419709047365	179.53128640214436
2000	5	2000.373	172.9	173.93622833223253	151.9240115826993	175.08827531349007	169.68087357456503	178.7094879746911
2000	6	2000.456	172.7	173.9458117961588	152.56410056593674	174.51771472416746	169.1831932312765	177.72243504479798
2000	7	2000.54	174.2	173.7481065077254	152.99837656995066	173.74880687473583	168.4785881017691	176.57643860821827
2000	8	2000.624	172.8	173.34926105499608	153.23300006939775	172.7888190733207	167.5743121483516	175.27778032044907
2000	9	2000.708	168.8	172.75540836233654	153.27499196251787	171.64492233183728	166.4779369930713	173.8325840377371
2000	10	2000.791	165.3	171.97387849874033	153.12996245198266	170.3245263176839	165.1971613659413	172.24664125826604
2000	11	2000.874	163.1	171.01146077212738	152.80554308599173	168.83498514620956	163.73956046337872	170.52680114337508
2000	12	2000.958	162.7	169.87484797579307	152.3088821632489	167.1840814686595	162.11330452745253	168.67946793395404
2001	1	2001.042	158.3	168.57100193439447	151.6470700562133	165.37879464030297	160.32507422727204	166.71066721130683
2001	2	2001.123	152.5	167.10678108290534	150.82738312101213	163.42598230251267	158.3821450676227	164.62687486198368
2001	3	2001.204	155.1	165.48953168002777	149.85657668200616	161.3326935873815	156.2922069416771	162.4353697663493
2001	4	2001.288	160.7	163.72563430095596	148.7416266912506	159.10681139724912	154.0625240844636	160.14295072411065
2001	5	2001.371	163.7	161.82154455068914	147.48977257297227	156.7549558555799	151.69929380690022	157.75555517429882
2001	6	2001.455	167.4	159.78385050527015	146.108678897586	154.28293082332553	149.20931128482707	155.28100941913394
2001	7	2001.538	172.	157.61996621947566	144.60371302563576	151.69724124751488	146.60007158751574	152.7268690241114
2001	8	2001.623	175.8	155.33603729951795	142.98130048396686	149.00462466872258	143.8774981942772	150.1002613320592
2001	9	2001.707	177.1	152.93747734723388	141.24844735480718	146.21161650536183	141.0477934624651	147.40781786117665
2001	10	2001.79	177.3	150.4303658466096	139.4119282476711	143.3241715362767	138.11737535398282	144.65876970702018
2001	11	2001.874	180.3	147.8209689760556	137.47628710917476	140.34858960586206	135.09270555553383	141.86097693913382
2001	12	2001.958	179.1	145.11548950192244	135.447232364425	137.2910778580911	131.97990663887484	139.02207409031516
2002	1	2002.042	177.6	142.31944213810243	133.3312538001496	134.15779836600595	128.7852555318744	136.1516944605375
2002	2	2002.123	179.7	139.4387146809406	131.13386443129335	130.9554413605389	125.51509766174709	133.2584352173068
2002	3	2002.204	178.2	136.47915836436766	128.85917968324722	127.69043410040263	122.17562948170686	130.35089148757766
2002	4	2002.288	174.4	133.4464062917948	126.51221928574323	124.36906759092133	118.77301486859525	127.43914251473458
2002	5	2002.371	171.3	130.34676888645944	124.09906116415131	120.99690435842933	115.31309429529615	124.53243578836664
2002	6	2002.455	166.9	127.18625302531485	121.62423488047918	117.58185182810399	111.8025475895363	121.64025413922894
2002	7	2002.538	161.5	123.9708655853572	119.09154424351809	114.13076881656171	108.2481485497632	118.77306582438865
2002	8	2002.623	155.4	120.70560570144423	116.50547209458699	110.65051414041882	104.65592977328883	115.94075459575082
2002	9	2002.707	149.5	117.39769452862109	113.87050127493653	107.14670739844155	101.03330330558184	113.15360655914004
2002	10	2002.79	143.9	114.05368954984138	111.19158691183476	103.628288384912	97.38762088163125	110.42209951481149
2002	11	2002.874	136.	110.68000097345399	108.4729978232843	100.10285676024677	93.72561622614383	107.7560501072901
2002	12	2002.958	131.4	107.28216530025826	105.71864377832169	96.57725040037842	90.05540203413308	105.16500358381847
2003	1	2003.042	129.6	103.86758602011083	102.93280594483726	93.06001302222813	86.3845610717272	102.65775782541338
2003	2	2003.123	125.7	100.44383454583382	100.11976549064687	89.55943099449846	82.72129658548938	100.24209137186047
2003	3	2003.204	118.7	97.01757514725021	97.28326322992189	86.08333789821509	79.07399588403112	97.92487208344782
2003	4	2003.288	111.9	93.59598740136354	94.42785777169179	82.64026902558317	75.4511149779352	95.71118021527498
2003	5	2003.371	107.	90.1871488483138	91.55864628471271	79.2388309470997	71.8617199207975	93.60518155966555
2003	6	2003.455	101.7	86.79854149936718	88.68021478984545	75.88739553185103	68.31462536250915	91.60839883492413
2003	7	2003.538	96.	83.43763890738217	85.79643445709083	72.59471888559	64.81919630443517	89.72160300521013
2003	8	2003.623	92.9	80.11270315600785	82.91158817388464	69.36940705545098	61.384719962565974	87.94225756714451
2003	9	2003.707	91.8	76.8315475701225	80.03222552037147	66.22010531738049	58.02072679481323	86.26798531300942
2003	10	2003.79	89.1	73.60221546086446	77.16362937988072	63.155480237152304	54.73677306445783	84.6912574864707
2003	11	2003.874	86.9	70.43282535823862	74.31064271767313	60.18417262811388	51.542478868283055	83.20859654661133
2003	12	2003.958	84.1	67.3314130549645	71.47756039050398	57.31486583764889	48.44746216577615	81.80971926777784
2004	1	2004.042	80.1	64.30609238139978	68.67262369894856	54.556101273306126	45.4613608308268	80.4859185784276
2004	2	2004.124	76.4	61.364943999213494	65.90214911530862	51.91674624637849	42.59372732493675	79.22831486797398
2004	3	2004.206	73.2	58.51606051694361	63.17119660469547	49.40571095861444	39.854132359939015	78.02533199653331
2004	4	2004.29	71.	55.767552977084286	60.487933705607794	47.03229919117359	37.25217105147326	76.86661083920893
2004	5	2004.373	69.5	53.127335994498374	57.859671448979405	44.80625020927439	34.79740418486827	75.74142117690914
2004	6	2004.456	67.1	50.60397411676563	55.293201082881254	42.737752893576115	32.499405263317925	74.63876780791347
2004	7	2004.54	64.8	48.205557389175645	52.796165039494284	40.838112996244526	30.3678000351796	73.54794110719804
2004	8	2004.624	63.	45.941313380456165	50.37645232479183	39.119312438133186	28.412498303775056	72.4598732607777
2004	9	2004.708	60.2	43.819970153454285	48.041803483384754	37.59545363606442	26.643642445745133	71.36375853170654
2004	10	2004.791	57.9	41.85185170849138	45.79958383475734	36.2827861492884	25.071904143490748	70.25181700167057
2004	11	2004.874	56.6	40.04706990971089	43.657550157243875	35.19895654117232	23.708431829002077	69.11575997082043
2004	12	2004.958	55.7	38.41790272075173	41.62287969904052	34.36224604890521	22.564643670843623	67.94752360358757
2005	1	2005.042	54.5	36.97727755749013	39.702229424942004	33.7890707245192	21.652192515206924	66.74123805618021
2005	2	2005.123	53.2	35.741149293029714	37.9022759795316	33.48915658260374	20.980211994991127	65.49084547375368
2005	3	2005.204	52.3	34.72620474296452	36.22808959599807	33.462348352148524	20.555132059514143	64.19146774416394
2005	4	2005.288	49.3	33.94905684424022	34.68548011285595	33.69645661219317	20.376070357548443	62.839311615806935
2005	5	2005.371	45.	33.42499668326669	33.27738032206999	34.16381444303479	20.432136840038787	61.43106961424371
2005	6	2005.455	44.5	33.16205635863833	32.0084621495335	34.81019409996095	20.701149305046233	59.96465982530757
2005	7	2005.538	44.6	33.15874287115391	30.87936612573399	35.595094019523124	21.151999132356583	58.43918228356244
2005	8	2005.623	41.9	33.40218874973959	29.89256784512827	36.469575977700984	21.743778976229127	56.854267953912746
2005	9	2005.707	39.4	33.86642292654232	29.047390148072726	37.366758114266474	22.43109153489462	55.21112867583234
2005	10	2005.79	38.9	34.49820177942384	28.343680665433293	38.2284595937374	23.165851707944487	53.51200235496298
2005	11	2005.874	38.4	35.262459649998064	27.77926337601957	38.99873609550593	23.899485780791842	51.759692234208174
2005	12	2005.958	36.	36.11171759980861	27.351615018702773	39.62872577862629	24.586950143692498	49.95839098475087
2006	1	2006.042	33.	36.98365679521638	27.057190279505257	40.07878631335335	25.18844851967059	48.11255437946627
2006	2	2006.123	29.7	37.82390324742614	26.892233999070793	40.32039249981538	25.670287025555574	46.22802054483441
2006	3	2006.204	27.4	38.579960459342146	26.852978087044548	40.33128640915298	26.00481848566996	44.31084893806618
2006	4	2006.288	27.	39.2055916739881	26.935636302044745	40.106119715473646	26.174149698264475	42.368274222298815
2006	5	2006.371	27.4	39.66305138738722	27.1354336445408	39.644817607062976	26.168850231218194	40.40754867619801
2006	6	2006.455	26.2	39.924058051289215	27.44475604624691	38.95534739981212	25.985188229499613	38.436766635087885
2006	7	2006.538	25.	39.96775683537576	27.850890822440913	38.05451539569513	25.627058584556774	36.46435713806067
2006	8	2006.623	25.9	39.787132640995765	28.315333357208797	36.96205675681835	25.103408237154174	34.4983699936131
2006	9	2006.707	26.	39.37984896033247	28.874213663011215	35.70208984641989	24.426475144593493	32.54753773679953
2006	10	2006.79	23.7	38.75379968278736	29.425438967991393	34.303262062020565	23.612265310756218	30.62068894293456
2006	11	2006.874	21.1	37.92275169806156	29.95793261409413	32.794115435532	22.68074867888405	28.726093433427685
2006	12	2006.958	20.2	36.90357407263869	30.433628820800507	31.205503642317343	21.651720488488845	26.871188619496166
2007	1	2007.042	19.8	35.719249862443874	30.818038443265355	29.56733179814784	20.547792667569237	25.06488260036697
2007	2	2007.123	19.	34.39492987389208	31.080449087245817	27.90928593907747	19.39104298456317	23.313141273895557
2007	3	2007.204	17.7	32.95745854042787	31.19325856532969	26.258617955446457	18.203256831789076	21.62263735730418
2007	4	2007.288	16.4	31.435140006203873	31.13448142997368	24.64245671072077	17.006012127174486	20.00047332365416
2007	5	2007.371	14.4	29.856570069773447	30.89263484374269	23.082959302598567	15.818852953085376	18.45067098978424
2007	6	2007.455	12.8	28.24903148960195	30.463410719975272	21.603126189084456	14.660554931206113	16.9792205152829
2007	7	2007.538	11.6	26.639708581969753	29.848884501957418	20.219894202981454	13.547863094887937	15.59051493014274
2007	8	2007.623	9.9	25.05318109071229	29.06170075204064	18.9500194610635	12.495546713101497	14.288089485201679
2007	9	2007.707	9.6	23.512545435786514	28.11994569607776	17.806212183133216	11.517228398820352	13.076340204020022
2007	10	2007.79	9.9	22.039006244189697	27.046258985377474	16.79839085013831	10.623148493823262	11.959010336113598
2007	11	2007.874	9.2	20.650052766689356	25.86906759379526	15.935180227056453	9.8236149403902	10.939650554685903
2007	12	2007.958	7.9	19.363096210060267	24.616838596411405	15.220355945633743	9.124342230602233	10.021538918050451
2008	1	2008.042	6.6	18.1896795971035	23.320010499799768	14.658335145920903	8.53229030502584	9.209165078307251
2008	2	2008.124	5.6	17.142618670344667	22.008758182209107	14.248544754298946	8.049327165289725	8.506942789388033
2008	3	2008.206	5.1	16.228558177405585	20.713134451376465	13.990811647445376	7.678813131262972	7.919104855182422
2008	4	2008.29	5.1	15.454703549031688	19.46173972539237	13.882211583920032	7.420150087358821	7.4515588498931535
2008	5	2008.373	5.4	14.824229470009218	18.2807391390997	13.91906023704834	7.273509646521145	7.109237632867314
2008	6	2008.456	4.8	14.339120167476324	17.19571873442831	14.096792398522405	7.236783368462343	6.898496628103498
2008	7	2008.54	4.	13.999602722036348	16.226794659195175	14.40985136947213	7.308028233311412	6.825605198042466
2008	8	2008.624	3.8	13.80364242987833	15.39251078126931	14.8526690223945	7.484300576019006	6.896499371436195
2008	9	2008.708	3.2	13.749086120900435	14.708322112086893	15.419153355341086	7.7627095080998085	7.116255764996082
2008	10	2008.791	2.4	13.83139864814039	14.18453235368487	16.103388571079513	8.140040904115473	7.488916207762068
2008	11	2008.874	2.3	14.046471857673371	13.830167711598842	16.900008422402415	8.613438394765023	8.01530461789918
2008	12	2008.958	2.2	14.388811485855983	13.649750913921583	17.803215895313425	9.179772308578091	8.694761404006105
2009	1	2009.042	2.5	14.853165955582336	13.644906035728477	18.808981017186156	9.836962636332022	9.523390951543695
2009	2	2009.123	2.7	15.433782432739754	13.815940346506588	19.912659283414953	10.582586061499045	10.49369964711143
2009	3	2009.204	2.9	16.125346234203803	14.159254975048299	21.10980548516025	11.415052185678878	11.595946010334815
2009	4	2009.288	3.3	16.922659329189855	14.671748367610283	22.393720043499307	12.333319701876867	12.818547002496144
2009	5	2009.371	3.5	17.820703318848416	15.346309541810212	23.759321264318523	13.336106016719127	14.148811863289222
2009	6	2009.455	4.1	18.815685820261425	16.176819168698053	25.226384939864758	14.423540084818194	15.573706184801047
2009	7	2009.538	5.5	19.903071864950814	17.154736566573597	26.776274327166	15.594987641568125	17.080565718851926
2009	8	2009.623	7.4	21.0791115119444	18.272418587686595	28.410814095527666	16.85076584220408	18.65723924981095
2009	9	2009.707	9.5	22.334734195053805	19.521558025175377	30.12937571133345	18.191007451164182	20.292219163796982
2009	10	2009.79	10.9	23.672611773322412	20.89433200599433	31.932050209358536	19.615613393222272	21.974573888738632
2009	11	2009.874	11.7	25.10575463062056	22.383188388356682	33.819087215941515	21.124671043964643	23.69435691356361
2009	12	2009.958	12.7	26.617196448661257	23.981021808943584	35.79101802540094	22.717708910512453	25.442188966007713
2010	1	2010.042	14.	28.209264569724045	25.68099150142827	37.84805926063507	24.393798457528703	27.209223657081402
2010	2	2010.123	16.1	29.881374168942557	27.476670174734544	39.99013068904334	26.151259704603834	28.987450649937536
2010	3	2010.204	18.5	31.633646800636644	29.362339019177597	42.21632027739257	27.987949502284373	30.769384067948202
2010	4	2010.288	20.8	33.46630853463656	31.332452098444286	44.52586011391811	29.900694111295483	32.54801957037109
2010	5	2010.371	23.1	35.379854795996074	33.3825900611884	46.91595714101271	31.88566773329233	34.31681331591311
2010	6	2010.455	24.6	37.37452002522112	35.50800447282002	49.38385569843691	33.93853343702895	36.07034815429122
2010	7	2010.538	25.2	39.450211560600046	37.70600065790975	51.925095250340476	36.053873704718	37.80306982078427
2010	8	2010.623	26.4	41.60616989913067	39.972589126960486	54.53424033501505	38.22560672203439	39.51011621720132
2010	9	2010.707	29.5	43.84165936034306	42.30548021871993	57.20504643058935	40.447164284472684	41.18803484404119
2010	10	2010.79	34.5	46.154167939847774	44.702401186537855	59.92979155297546	42.711118001143504	42.83192831416744
2010	11	2010.874	39.1	48.541428504846785	47.16080286633892	62.700673143682174	45.009516669641386	44.44038220970081
2010	12	2010.958	42.5	50.99910900598832	49.678584473844346	65.50747237162228	47.33404327862786	46.009913702364535
2011	1	2011.042	45.7	53.522649201518036	52.25373900814446	68.33950424346224	49.675996513350924	47.53972525199309
2011	2	2011.123	48.8	56.106045602226764	54.88364252429827	71.18546724536526	52.026610224676936	49.028809324291
2011	3	2011.204	53.8	58.742450806809096	57.56564076289893	74.0334272514616	54.37714168783739	50.47652216857192
2011	4	2011.288	61.1	61.42479465329527	60.29766570659159	76.87108803993411	56.719105476879555	51.88498334679367
2011	5	2011.371	69.3	64.14376510639826	63.073867498755746	79.68615997048155	59.04455641875897	53.25305290702478
2011	6	2011.455	77.2	66.88962258805155	65.88956611654812	82.46631566361349	61.34639513376685	54.58555985455476
2011	7	2011.538	83.6	69.65199691369631	68.73826223088396	85.19995319627799	63.61872939567985	55.88551308295284
2011	8	2011.623	86.3	72.41974894977733	71.61224366706307	87.87641090916486	65.85723154623643	57.15373431093927
2011	9	2011.707	86.6	75.18156477460897	74.50118728350131	90.48601520305219	68.05951280646026	58.39756926213243
2011	10	2011.79	87.4	77.92588214467818	77.39265107341984	93.02119888264252	70.22556124272369	59.62185823329043
2011	11	2011.874	89.4	80.64117771580801	80.27317615857113	95.47720953203452	72.35805739683875	60.83029199445679
2011	12	2011.958	92.5	83.31641884752264	83.12756900411192	97.85174194496784	74.46265698642816	62.030482499442506
2012	1	2012.042	95.5	85.94102073807787	85.93851675175513	100.14587440582883	76.54792397221087	63.22859211991518
2012	2	2012.124	98.1	88.50554433890825	88.68778688607475	102.36569548285321	78.62456207706828	64.43085509946759
2012	3	2012.206	98.3	91.00235332364483	91.35529539360314	104.52186250916823	80.70472403477179	65.64321762129313
2012	4	2012.29	95.1	93.42538887721393	93.92003140885994	106.63049109131794	82.80028679827385	66.87206905092401
2012	5	2012.373	90.9	95.77109003302348	96.36019103823305	108.71257233199705	84.92038680237394	68.12474827198642
2012	6	2012.456	86.6	98.0395566947323	98.65227796336498	110.79369967389334	87.06890008653015	69.40386143995428
2012	7	2012.54	84.5	100.2336824404113	100.77260092645162	112.9049753597492	89.24049094766707	70.71464603351984
2012	8	2012.624	85.1	102.36105904071462	102.69768249703971	115.07795233221896	91.41911413774709	72.0635500435202
2012	9	2012.708	85.3	104.4335855038194	104.40476189048465	117.34080721668958	93.57789570996104	73.4487005685519
2012	10	2012.791	85.8	106.46885822274537	105.87241895303221	119.71333172790924	95.68177080529314	74.87276858540336
2012	11	2012.874	87.7	108.48804523247857	107.08133453161531	122.20170146507901	97.69155385477846	76.33925330025778
2012	12	2012.958	88.1	110.51740689489068	108.0160867995499	124.79474889715392	99.56805706451469	77.84163873809264
2013	1	2013.042	86.8	112.58657773856879	108.66610438111144	127.46144917574802	101.27530017035495	79.37891938403979
2013	2	2013.123	86.1	114.72443436424066	109.0262714685079	130.15322411310675	102.78309471014023	80.95018589523708
2013	3	2013.204	84.4	116.9552559271428	109.09822600332073	132.80840539381828	104.06653278039576	82.54537598714805
2013	4	2013.288	84.3	119.29403272570639	108.89605335490376	135.3578915741448	105.10727332054886	84.15923724621875
2013	5	2013.371	87.	121.74194144691769	108.44490985633934	137.7320149774752	105.89337974105395	85.7855713775803
2013	6	2013.455	90.9	124.28381257309329	107.78297982264327	139.8665752116203	106.4182298560992	87.41298301985128
2013	7	2013.538	94.6	126.88572460919954	106.96234294169889	141.706498983354	106.68146884247436	89.03365860785459
2013	8	2013.623	99.	129.49873956614792	106.04758374142781	143.20804019137202	106.68485449280317	90.63586670562135
2013	9	2013.707	104.6	132.06326973741358	105.11128751731091	144.33944980090047	106.43452776136033	92.20892909379259
2013	10	2013.79	107.	134.5143871794773	104.22685430774702	145.08212713589444	105.93991198205687	93.7418455117606
2013	11	2013.874	106.9	136.78732266764828	103.46027030845177	145.42140580854914	105.21124279882892	95.22321974873034
2013	12	2013.958	107.6	138.82307701483566	102.86352220283295	145.2973916892186	104.26208005805681	96.64173216248084
2014	1	2014.042	109.3	140.5717321611443	102.4715294435178	144.8610752417826	103.10597889490046	97.9871050978602
2014	2	2014.123	110.5	141.99384322859166	102.29982024125296	144.03359787720203	101.75812534143449	99.24787349535418
2014	3	2014.204	114.3	143.06093230263645	102.34830385869834	142.8388008985662	100.23327997328299	100.41502993984108
2014	4	2014.288	116.4	143.75698953291888	102.603800438565	141.2971381201064	98.54674758880124	101.47870154712706
2014	5	2014.371	115.	144.06728325432323	103.04269386120343	139.43338564823077	96.71387553179633	102.43011410966612
2014	6	2014.455	114.1	143.93390847174345	103.63384914208221	137.2739766117889	94.74909780094664	103.26248700422198
2014	7	2014.538	112.6	143.50735575435252	104.34050151389772	134.84499194757436	92.66769573860222	103.96700170174853
2014	8	2014.623	108.3	142.7068414352311	105.12261621757371	132.17183727917612	90.48305421935075	104.53965717447713
2014	9	2014.707	101.9	141.55599477581848	105.93944544441815	129.28004811629495	88.20947274941325	104.97368900901022
2014	10	2014.79	97.3	140.07376687707054	106.74970095286218	126.19589224389543	85.8593277125413	105.26569554390215
2014	11	2014.874	94.7	138.2831401972541	107.51476061658583	122.94425277799382	83.44526801125956	105.41225894486595
2014	12	2014.958	92.2	136.20887052601566	108.19895770421803	119.54922735400582	80.97908425988959	105.41003733773877
2015	1	2015.042	89.3	133.87534032325408	108.76962008040294	116.03401026724896	78.46996934906618	105.25879910533824
2015	2	2015.123	86.1	131.30636187201887	109.19948298816882	112.41985443036985	75.92973508817755	104.95579433657605
2015	3	2015.204	82.1	128.52574226266438	109.46667042427396	108.72775194558149	73.36712149294281	104.50259475099786
2015	4	2015.288	78.9	125.5578847087442	109.55322823735597	104.97579493707845	70.78882488417467	103.89888178874811
2015	5	2015.371	76.1	122.4266359453379	109.44595616196628	101.18345848931489	68.20473414652616	103.14615712433194
2015	6	2015.455	72.1	119.1540377338003	109.13710403464444	97.36392800639666	65.62067671746982	102.24671593195075
2015	7	2015.538	68.3	115.76283997423876	108.62013873741866	93.53438128615242	63.041498590937934	101.20217840569603
2015	8	2015.623	66.4	112.27214649785209	107.89518945814588	89.70977638019531	60.47464707667151	100.0166606443429
2015	9	2015.707	65.9	108.70311913515843	106.96306910295976	85.89793395014213	57.923814224528996	98.69268965629597
2015	10	2015.79	64.3	105.0714369125482	105.82710917913651	82.1118286562453	55.3927376466648	97.23498216766632
2015	11	2015.874	61.2	101.3974380495594	104.49378962642257	78.3615139311167	52.88652914594129	95.64766702483945
2015	12	2015.958	57.8	97.69313456862568	102.96925893461783	74.65329586057659	50.408188107493444	93.93541001330613
2016	1	2016.042	54.4	93.97276809309072	101.26285783336411	70.99678566294565	47.961098576461495	92.10371187413843
2016	2	2016.124	52.5	90.25495330215969	99.38302370688454	67.3990905356648	45.548688622936936	90.15737963636714
2016	3	2016.206	50.4	86.54541390120929	97.34051974522775	63.86590000756379	43.174771920187446	88.10269906258759
2016	4	2016.288	47.8	82.8548399756554	95.14557390353274	60.40444304269937	40.84271155078607	85.9451603486618
2016	5	2016.373	44.8	79.19646240503002	92.80983018852764	57.02049724563995	38.55675586306652	83.69114447592794
2016	6	2016.455	41.5	75.57483813113883	90.34486645790537	53.71972612355258	36.32115492822193	81.34697869814524
2016	7	2016.54	38.5	71.99800435094264	87.76308644653221	50.50808182470603	34.14036163149067	78.91905103212854
2016	8	2016.624	36.	68.47517846273898	85.0770877234123	47.390748950529144	32.01976696556869	76.41439471073699
2016	9	2016.706	33.2	65.01076182697562	82.29988711855668	44.37328877841267	29.964107081968777	73.83948747288782
2016	10	2016.791	31.5	61.6111270092784	79.44471736413753	41.460968986773835	27.979530766212818	71.20180337519837
2016	11	2016.873	29.9	58.282885151974234	76.52498603285753	38.65910171042438	26.071462672773052	68.50832023981359
2016	12	2016.958	28.5	55.0307910299243	73.55404238411975	35.97299753507498	24.246204175199466	65.76653547848541
2017	1	2017.042	27.8	51.86058776221607	70.54538819443052	33.407917876185614	22.50990623293584	62.984072850637844
2017	2	2017.122	26.5	48.77737640778349	67.51191951676665	30.96916540132954	20.868900216874003	60.16843318642299
2017	3	2017.204	25.7	45.78616658287173	64.4668213168525	28.66197662165611	19.329744052960525	57.32793717490319
2017	4	2017.286	24.8	42.89209844884927	61.422233698180726	26.491615247621244	17.89888814362666	54.47022126166338
2017	5	2017.371	23.3	40.10005090888321	58.39069759801707	24.46332830794094	16.582831914632905	51.604131890427496
2017	6	2017.453	22.2	37.41502128877899	55.382862950200916	22.58234525963439	15.38822016500616	48.73800873909202
2017	7	2017.538	21.	34.84193927802329	52.41078599741567	20.853887253417422	14.321161397506415	45.88080424399221
2017	8	2017.623	19.6	32.38573944657428	49.48324413200182	19.28328742292362	13.388151014284583	43.0420606379443
2017	9	2017.705	18.3	30.05136060373957	46.61060740703542	17.875739000315843	12.594990910226581	40.23065607441561
2017	10	2017.79	16.7	27.843699784767036	43.80103980198222	16.636715218914425	11.947514949265784	37.457550361057734
2017	11	2017.873	15.4	25.767679312216732	41.06317745441151	15.57164615645284	11.451338955634672	34.73223540212593
2017	12	2017.958	15.1	23.828194303873012	38.40474634269062	14.685986481428449	11.111160896986947	32.0664365614578
2018	1	2018.042	14.2	22.030125183761267	35.83310581986194	13.985510843196382	10.932289161210223	29.47140796212233
2018	2	2018.122	12.6	20.378376759272783	33.35566487418968	13.475914178638865	10.918386301811035	26.95898132551651
2018	3	2018.204	9.9	18.877927780069747	30.979378587502886	13.162760542801541	11.073673066019166	24.543113714268543
2018	4	2018.286	7.8	17.53361252099238	28.711306465576953	13.051766461967638	11.400767905275972	22.235445171176274
2018	5	2018.371	7.5	16.350608313760365	26.559213098042935	13.14830910165201	11.90241759885827	20.052603472506437
2018	6	2018.453	7.2	15.333948729877294	24.530036872279215	13.45786869255972	12.579732577183638	18.008378046647092
2018	7	2018.538	7.	14.488782959472172	22.631740268508466	13.984871529090544	13.433435457274559	16.119926606716596
2018	8	2018.623	6.7	13.820496947942809	20.873546487049122	14.73348927227743	14.462656205580224	14.404916505479285
2018	9	2018.705	6.5	13.334416729356711	19.26300060128477	15.705869287093567	15.665371736792451	12.880578612402964
2018	10	2018.79	6.8	13.035733019672778	17.81061726231578	16.903977175424348	17.038199677402552	11.568219583414468
2018	11	2018.873	6.7	12.929798358558948	16.526724008108037	18.32605268973236	18.575769278538438	10.486674475439326
2018	12	2018.958	6.	13.021629888711155	15.42186171373506	19.968912744640328	20.2716389791983	9.658884064034376