1965	1	1965.042	17.2	0.	0.	0.	1.0749282257680068	0.11889999786315666
1965	2	1965.123	17.7	0.	0.	0.	1.3596781914884424	0.27905001949899094
1965	3	1965.204	18.4	0.	0.	0.	1.8092703236745367	0.3213810582237495
1965	4	1965.288	19.9	0.	0.	0.	2.3958576783156897	0.40884375643908133
1965	5	1965.371	21.2	0.	0.	0.	3.14703410156194	0.5217351487891222
1965	6	1965.455	21.8	0.	0.022784832203544783	0.	4.046865363774197	0.6352831517242333
1965	7	1965.538	22.6	0.	0.10143539602603012	0.	5.19568472475074	0.8391083892280484
1965	8	1965.623	23.8	0.	0.21832161134949346	0.	6.7223622581983795	1.022799811142041
1965	9	1965.707	25.2	0.	0.4301557669176663	0.	8.728813534892668	1.282425246983665
1965	10	1965.79	28.4	0.033925043902285505	0.7282980908236873	0.36550580570700025	11.674097835056271	1.5727622731523474
1965	11	1965.874	32.1	0.12565126558139222	1.1089193982508618	1.2167818230630727	15.744046172153983	1.9161660308893285
1965	12	1965.958	35.2	0.2516554967110936	1.6802929814071312	2.6893467295299343	21.4832659959438	2.348480471795266
1966	1	1966.042	39.7	0.4803785410932441	2.457405235622626	5.109733524057986	28.921108082345636	2.844826839275044
1966	2	1966.123	44.8	0.8062618681123179	3.4937660856292334	10.464930796728591	36.89942269115435	3.509189868880398
1966	3	1966.204	49.2	1.2378817024840545	4.904658244473401	18.645452520829	45.056013304213536	4.3173431904956345
1966	4	1966.288	53.3	1.8480997096909622	6.838836368221547	26.80174609312142	53.291327961656755	5.2350304223686805
1966	5	1966.371	57.9	2.7386023850200845	9.533738603209	34.91328184809322	61.47400873599992	6.484995849719137
1966	6	1966.455	63.4	3.9526825233098473	13.433792293443164	42.91731361455736	69.44498931019652	7.9836973108849305
1966	7	1966.538	71.4	5.661315513922318	19.237874668622148	50.75440955122698	77.35547560444006	9.85402515940124
1966	8	1966.623	80.3	8.07831208969705	26.80706016853892	58.4245912600676	85.1191843131868	12.242535787953342
1966	9	1966.707	89.5	11.536213120101232	34.85793120239289	66.11482447415047	92.72373782216836	15.306337264148711
1966	10	1966.79	95.8	17.01511544928479	42.97881011655944	73.72247862263582	100.09791921529218	19.37739364397471
1966	11	1966.874	99.4	24.29831001846493	50.95431346983167	81.19984988211245	107.18693994019188	24.713660850412058
1966	12	1966.958	103.	31.75438870440432	58.720206483518965	88.53172812792691	114.1297444722565	31.47824796716601
1967	1	1967.042	106.2	39.20707333116123	66.41296711953966	95.68855216514545	120.76282967503138	38.86150771957284
1967	2	1967.123	111.6	46.46612535667725	73.94920166815022	102.60601519812025	127.09080784688176	46.48647687408965
1967	3	1967.204	116.5	53.56021701389049	81.43036793876128	109.33139532775802	133.24370574548712	54.36676023207481
1967	4	1967.288	119.8	60.509893838604256	88.71864745738559	115.7943777978583	139.07095567866807	62.099686805491615
1967	5	1967.371	123.9	67.22463374352213	95.81610823009619	122.00609043071765	144.56982445748287	69.71601225976676
1967	6	1967.455	129.4	73.6927062943899	102.77396499255953	127.98258119207912	149.81912198926264	77.23352817289854
1967	7	1967.538	133.3	79.9044349043892	109.42069037044665	133.62062481659993	154.80172432064447	84.63693535183856
1967	8	1967.623	135.	85.84981994730342	115.85134974338676	139.0776967223256	159.4522562360141	91.77002747874889
1967	9	1967.707	134.9	91.51981979600652	121.97759179274814	144.2122033749263	163.77486725838108	98.7317791462625
1967	10	1967.79	134.5	96.90767401210717	127.78421834613047	149.0040140131364	167.78304236012445	105.36459761191968
1967	11	1967.874	137.6	102.00559685736238	133.36497065086618	153.57664229164783	171.57217632358547	111.77444173356237
1967	12	1967.958	142.5	106.98738962012712	138.58937131515432	157.83476391998	175.04808733727134	117.98200097572142
1968	1	1968.042	145.3	111.87281869204615	143.46354131899534	161.75452021133495	178.2348662137883	123.86256540615788
1968	2	1968.124	145.7	116.59431745513793	148.11732502430962	165.34992322612925	181.17061505068082	129.5373695023449
1968	3	1968.206	148.2	121.03808751348878	152.41042820015699	168.74586312910606	183.80930873727445	134.87944532313304
1968	4	1968.29	151.8	125.27998160105594	156.34797029413642	171.8166352061023	186.15017874219066	139.86396332064518
1968	5	1968.373	152.4	129.19828665368001	159.93761956032117	174.5723181818785	188.27613275844067	144.5815169608786
1968	6	1968.456	150.9	132.87958857900009	163.29281714336082	177.01755487529482	190.13032338366173	149.0063387037035
1968	7	1968.54	148.9	136.28395233018313	166.30584598167087	179.1733453799466	191.71702834809744	153.0702466215276
1968	8	1968.624	148.4	139.3660607887658	168.9721457375377	181.13692305338733	193.02282047448344	156.77558538437899
1968	9	1968.708	151.5	142.21212789084422	171.30165515001008	182.84328325549524	194.0554586254767	160.2106705341474
1968	10	1968.791	155.5	144.81852483869557	173.32400668975208	184.35078892473774	194.83879311091385	163.3534859279588
1968	11	1968.874	156.6	147.24362643128038	175.26592023042	185.65070834458874	195.36203019117556	166.14608151418574
1968	12	1968.958	156.	149.40595212518508	177.0521690666005	186.70299484469584	195.63759916157372	168.5958283836391
1969	1	1969.042	155.7	151.42338313290387	178.65004493353757	187.51231413688524	195.68430255539425	170.8168266100704
1969	2	1969.123	155.1	153.28675232596603	179.94178617284135	188.11131682010168	195.51462626653773	172.78904264139237
1969	3	1969.204	152.9	154.8698674358964	181.01640146319983	188.50278145112526	195.14846386842652	174.55456587667774
1969	4	1969.288	150.7	156.2273605534979	181.7809441474658	188.75929228028707	194.57441432472567	176.12127931827942
1969	5	1969.371	150.4	157.33532766107595	182.30383286201533	188.80536060358497	193.81296798330322	177.4314841976404
1969	6	1969.455	150.1	158.23655243044874	182.6108009975973	188.6041929332758	192.87132350789057	178.49577053227839
1969	7	1969.538	149.9	158.8399168340366	182.63790287994624	188.16251509097384	191.8597406790756	179.28026445090293
1969	8	1969.623	150.7	159.22127013381584	182.4298772198732	187.50434536967074	190.7163118759842	179.83072018695103
1969	9	1969.707	149.2	159.34659236483404	181.97215565808466	186.63308563165955	189.38716425463446	180.11620318678175
1969	10	1969.79	147.4	159.1991495012389	181.36070478596662	185.63760502434764	187.89049541337175	180.15684960404
1969	11	1969.874	148.	158.8416906984571	180.4890152081054	184.47961711610978	186.26028768747952	179.96077395591809
1969	12	1969.958	148.5	158.3610686980137	179.36268106505187	183.12472744676109	184.45861717070284	179.56766505603798
1970	1	1970.042	149.5	157.62965392597405	178.13970298871686	181.58171249527638	182.487513622694	178.88885639184326
1970	2	1970.123	150.1	156.71918103556888	176.79386205867684	179.85245277957662	180.3759568919187	178.07802323057888
1970	3	1970.204	150.3	155.7454077985523	175.27737900612547	178.00504017559243	178.18577065559379	177.04361513523685
1970	4	1970.288	150.3	154.56789280251823	173.5526740702449	175.98981609671145	175.84091187016898	175.77268499276772
1970	5	1970.371	149.8	153.1636005168986	171.60335217720302	173.80789979612652	173.34404218254576	174.2897613725622
1970	6	1970.455	149.1	151.5400812186739	169.43834495743562	171.4614502921361	170.6964482925188	172.64821357590694
1970	7	1970.538	147.	149.70520347844106	167.15448438628303	168.98118509980713	167.90588377250054	170.88038520018256
1970	8	1970.623	143.	147.71562712720257	164.67127033154185	166.34733658726398	164.97720674511618	168.9007704747986
1970	9	1970.707	137.6	145.53745693405128	161.99012370876972	163.56520754961963	162.02772575466742	166.7111412269996
1970	10	1970.79	132.9	143.15805786583317	159.11574087214566	160.73530267023995	159.00727452843466	164.3206454187958
1970	11	1970.874	126.5	140.5824815244647	156.112472551231	157.79281961607649	155.8941473887916	161.71940262013513
1970	12	1970.958	119.	137.82759934568338	152.92684172961864	154.78626002939515	152.7224508851373	158.9214450789806
1971	1	1971.042	113.8	134.9461851462464	149.5955775042734	151.70385621868448	149.4168334566232	155.98196416073674
1971	2	1971.123	110.1	132.00724938999963	146.35788234302123	148.49198707576798	145.9855201422929	153.02275020917133
1971	3	1971.204	105.3	129.05934325830998	142.98365845216932	145.1362884416498	142.43664850602872	149.95909335784617
1971	4	1971.288	100.4	125.94382909738057	139.44056400903642	141.65597105524455	138.7928274207998	146.8040402068041
1971	5	1971.371	96.5	122.75861092474338	135.7286065349335	138.05693612616687	135.04442178960818	143.47458563369648
1971	6	1971.455	94.5	119.47342672195798	131.90483020836984	134.35656190791212	131.24621828303623	139.9634138674671
1971	7	1971.538	92.7	116.04686736177548	128.05728935552557	130.6999174606492	127.37834999440241	136.28075176558127
1971	8	1971.623	91.5	112.50357686201426	124.06904610643589	127.02588819644157	123.45241040230559	132.43138611588046
1971	9	1971.707	93.2	108.89787023265976	119.97285479893497	123.25163589180116	119.64969846761126	128.42760820397777
1971	10	1971.79	93.8	105.2085460923064	115.88216105960622	119.38000366402707	115.84026002492865	124.39278366963931
1971	11	1971.874	94.7	101.37353431355479	111.79073300116686	115.53205807549423	111.94239550642513	120.26463573912622
1971	12	1971.958	98.3	97.57594020574477	107.79648963215702	111.67761310910214	108.07221219010101	116.24565715645656
1972	1	1972.042	100.3	93.7319227709539	103.72769532412087	107.81178192246257	104.12739846570295	112.09634580269349
1972	2	1972.124	100.9	89.84776712947072	99.59209437620747	103.92666939522245	100.122258321496	107.95107188148118
1972	3	1972.206	102.6	85.82983689732048	95.40008468305241	99.9588078979136	96.05010290452796	103.70944699281104
1972	4	1972.29	104.	81.73167720839318	91.14188098225081	95.94766100799212	91.96245127881126	99.43843811891936
1972	5	1972.373	103.3	77.66933049439633	86.90759037538074	91.91292288387534	87.9142229072713	95.08703257763233
1972	6	1972.456	99.9	73.67672088041057	82.64122944023924	87.92697601783162	83.97268913707323	90.60752593600975
1972	7	1972.54	96.6	69.57899176220172	78.33649281642062	83.85365564419821	79.95027706522298	85.982092754641
1972	8	1972.624	92.9	65.65642841485614	74.23081918824391	79.75233572158295	75.9534381187229	81.64811319120902
1972	9	1972.708	88.2	61.776421187045294	70.35386272467548	75.86862062638318	71.93465652936841	77.25916749102075
1972	10	1972.791	85.9	57.93543099098139	66.58981106424314	72.1022797834711	67.8290650181538	72.81362607236258
1972	11	1972.874	83.3	54.10990508149482	62.90039806392967	68.26855780962846	63.73723621800189	68.28450253356002
1972	12	1972.958	78.2	50.210842194456156	59.14376286731923	64.38580813633237	59.81246822845641	63.798010036609476
1973	1	1973.042	72.3	46.21907947011314	55.30843877519328	60.56432316528462	56.09328982431138	59.22861804425019
1973	2	1973.123	66.1	42.66600842040982	51.470634233160155	56.66612534649173	52.498138964039136	54.876857660314855
1973	3	1973.204	62.8	39.18731904214918	47.818707566115926	52.762411053864994	48.840052344140815	50.86217233639896
1973	4	1973.288	60.8	35.63411510577729	44.156547958691476	48.88832911680258	45.29008800899242	46.73713048127393
1973	5	1973.371	57.9	32.00972552566528	40.42065051030611	45.23984500900846	41.80424946940826	42.587917963727826
1973	6	1973.455	55.6	28.405425281171617	36.61818021257747	41.82848442613181	38.54904091453608	38.49591928411816
1973	7	1973.538	53.4	24.91496654426523	32.98725372295357	38.52382205193813	35.57624587099731	34.44445381514433
1973	8	1973.623	51.4	21.77822854847111	29.712692368312723	35.31942456720135	32.607883209271996	30.736584900893764
1973	9	1973.707	49.	18.692193221663068	26.39060136604326	32.24477965930666	29.757933514511848	27.308451096635032
1973	10	1973.79	46.6	15.55737691110834	22.99639675599308	29.178056262106733	26.91021656701231	24.188663226046348
1973	11	1973.874	45.4	12.576144117682912	19.590596188086458	26.303542377028545	24.01101652916502	21.005526220843798
1973	12	1973.958	45.	9.988921087522955	16.485948807028983	23.41752275601053	21.367035508133206	18.01144927201841
1974	1	1974.042	46.8	7.502771142388533	13.692952199234819	20.708825058479952	18.70680692550671	15.158061701318307
1974	2	1974.123	49.1	5.230892707703757	10.905968344473301	17.95503433840964	15.998107683767403	12.266920344946627
1974	3	1974.204	48.5	3.349470744859425	8.231948239612683	15.34165410875871	13.372649255002425	9.661649842937653
1974	4	1974.288	48.3	1.783105007739683	5.878369935577404	12.82378904720488	11.159925936147859	7.4114792127502955
1974	5	1974.371	49.4	1.0010843215606697	3.76760696799978	10.345983371317393	8.924962415895058	5.142873455885005
1974	6	1974.455	49.3	0.810775359365256	2.0070178032882815	8.044796932114817	6.648332391814272	3.161662945663078
1974	7	1974.538	48.6	0.6588139112919931	0.7604276832262615	6.043129488438878	4.743357965480365	1.583015658551275
1974	8	1974.623	47.3	0.5249666756474698	0.3276759166312778	4.006126342016586	3.0476861434530753	0.3855025059236099
1974	9	1974.707	45.8	0.40647395301997563	0.2592388875286141	2.392421326524672	1.5118546647268203	0.010121010610981786
1974	10	1974.79	43.2	0.3445723951942553	0.20421854634368677	0.9775333144330868	0.3984381066767671	0.004531052267424259
1974	11	1974.874	39.3	0.2768182198078102	0.18198252982454177	0.10088934649896497	0.	0.015114362039901264
1974	12	1974.958	36.1	0.25406386861637414	0.15724154859422335	0.	0.	0.022198807499350152
1975	1	1975.042	33.	0.22132602374730684	0.13796808523866733	0.	0.	0.034908160734003574
1975	2	1975.123	31.8	0.19302848028912498	0.16259209354457027	0.	0.	0.06631446946798047
1975	3	1975.204	30.6	0.23106370186529204	0.19070988157935861	0.	0.	0.09046058182922165
1975	4	1975.288	26.8	0.2593890823701929	0.21189480313520884	0.	0.	0.15676388107543543
1975	5	1975.371	24.2	0.28610121965747454	0.30012988350418734	0.	0.	0.22176638954540692
1975	6	1975.455	23.2	0.37191475146456204	0.3916766372381428	0.	0.	0.33570938155587776
1975	7	1975.538	21.8	0.4735249992826929	0.5495240938443915	0.	0.	0.48461302357427916
1975	8	1975.623	20.7	0.6513912165518928	0.7191136158899426	0.	0.	0.6606879247855364
1975	9	1975.707	20.9	0.8415353004575472	0.9708043017062841	0.	0.	0.9104076335956557
1975	10	1975.79	22.3	1.1363390119466834	1.2507532111357258	0.	0.	1.1741102436055284
1975	11	1975.874	23.3	1.4541146603228972	1.6493996501213994	0.	0.010766706166307937	1.557633012674
1975	12	1975.958	23.6	1.954943863622402	2.079011467181087	0.	0.1660123791121529	1.959141620681498
1976	1	1976.042	22.1	2.553330012008095	2.704906278812061	0.	0.43040427383507635	2.51576448184928
1976	2	1976.124	19.2	3.308043628450898	3.415932090829016	0.	0.7776537886770478	3.1382800482091255
1976	3	1976.206	17.8	4.348308431485299	4.325971241171347	0.09145719818526386	1.2480069717678652	3.9150274108183143
1976	4	1976.29	18.4	5.739660068500068	5.5157349177590795	0.47769695810464186	1.8928402859352715	4.88574857732043
1976	5	1976.373	18.3	7.6176729880710266	6.9816246114032445	1.1402920556206337	2.682371003452492	6.031777649308584
1976	6	1976.456	17.9	10.143760357718978	8.934440482621572	2.1075287496293296	3.6735996074257824	7.450243770496755
1976	7	1976.54	18.8	13.833988823183295	11.669664314906635	3.475024750513628	4.9566770911801905	9.275399017947013
1976	8	1976.624	20.5	19.68284693612798	15.30582793421093	5.462972757564149	6.644442788518024	11.654174638608708
1976	9	1976.708	20.8	26.294502559859758	20.082271750351214	8.523424992403786	8.856900947431422	14.681732106576
1976	10	1976.791	19.7	32.99960668942133	25.979689655858245	14.093060542776923	11.831118286690801	18.782533827273607
1976	11	1976.874	19.7	39.80958947276054	32.62343435646432	20.338493540357526	16.125045793812863	24.235005780017723
1976	12	1976.958	21.6	46.553081323690904	39.516059115714334	26.824882274692897	21.56678895937439	30.51596743712537
1977	1	1977.042	24.3	53.22285036589779	46.60989217224841	33.550879206905286	27.455587615889076	37.14267880295342
1977	2	1977.123	26.3	59.80988624753648	53.66609163531721	40.38441661225205	33.77824517653123	44.17241360477691
1977	3	1977.204	28.8	66.3641079078299	60.88411527577519	47.23493511441762	40.262584466356586	51.25684293868284
1977	4	1977.288	31.9	72.84820129059428	68.0536759193946	54.081590551845906	46.782866620236625	58.51810678078206
1977	5	1977.371	34.7	79.2143347629351	75.08521406969325	60.96532107171347	53.54806837546463	65.81756681531947
1977	6	1977.455	37.7	85.45465950023925	82.14185878200128	67.80418470204573	60.29433270723073	73.13579005276158
1977	7	1977.538	41.4	91.55831858268681	89.03669326580633	74.6710415097199	67.08290546506174	80.41381125614686
1977	8	1977.623	47.6	97.51839795053294	95.75074215179802	81.48543174231015	73.77722546127588	87.62995360663244
1977	9	1977.707	55.8	103.4000131387206	102.44089702224944	88.12152004952412	80.4837081591791	94.7324775605265
1977	10	1977.79	64.8	109.25502414002193	108.93770472747495	94.79593636487871	87.03767944452348	101.80078005058158
1977	11	1977.874	73.7	115.12805098629119	115.21888749301158	101.29143519004617	93.6163887644774	108.66872575860096
1977	12	1977.958	80.7	120.91717134187397	121.3518371820628	107.74200671319232	100.01573635266872	115.57493759852441
1978	1	1978.042	86.9	126.5627607205512	127.34482652632293	114.02776193722138	106.33527236679105	122.32148092248353
1978	2	1978.123	91.5	132.1065241303372	133.09717554724912	120.0987438753961	112.5393917411797	128.84785298274653
1978	3	1978.204	98.7	137.44996789138835	138.60685889644293	126.07444213335991	118.53025775688334	135.29303686312417
1978	4	1978.288	109.	142.88777016099843	143.86353023057166	131.87077034017457	124.44198667672417	141.540522834366
1978	5	1978.371	117.8	148.36789690729546	149.05100689616305	137.42271540780206	130.1684332183914	147.5377074359547
1978	6	1978.455	126.6	153.6924378413779	153.9980250462201	142.7369547786833	135.66549048094407	153.30202481467722
1978	7	1978.538	138.	158.92183824639764	158.70773834775363	147.9419476321071	141.0099956058799	158.94933126902413
1978	8	1978.623	147.3	164.0774770171417	163.15320252316997	152.9267075746484	146.27506665879739	164.3203094741667
1978	9	1978.707	153.6	168.95362920483836	167.33834958268616	157.64599412095305	151.2996443829238	169.4109164916259
1978	10	1978.79	157.3	173.63149061255064	171.2612715304059	162.1078269852248	156.06461792559412	174.2179602579297
1978	11	1978.874	160.4	178.1144222742663	174.9188208056074	166.30766331035852	160.5850798221795	178.7905744485672
1978	12	1978.958	166.7	182.33945935794992	178.38734757052617	170.27166607453847	164.93128538147417	183.1577418177145
1979	1	1979.042	175.2	186.4202407152593	181.57690050187955	174.0375609427955	169.05010924155823	187.28811212027853
1979	2	1979.123	185.4	190.3384725126968	184.48920643525705	177.53288994484922	172.908312101125	191.28826028133125
1979	3	1979.204	193.3	193.96124723474856	187.1304836725177	180.79520635738257	176.48664810484638	195.10733610878032
1979	4	1979.288	199.9	197.33757769564724	189.4889005706479	183.91490810665618	179.80720207375256	198.81210356628202
1979	5	1979.371	208.5	200.53636455112317	191.57609885468312	186.80735310176297	182.8631275971167	202.26655843778488
1979	6	1979.455	216.7	203.4635008429645	193.39020709806812	189.487783039572	185.72929080681124	205.42188086670131
1979	7	1979.538	219.5	206.0957092154065	194.92552907273992	191.8872390748778	188.44128511351926	208.48031619367234
1979	8	1979.623	220.1	208.40348702295995	196.19065004157662	193.9971073708682	190.94410304971524	211.2090955136285
1979	9	1979.707	220.4	210.393696032492	197.18717991386234	195.91732899923545	193.17067671594538	213.58521061249104
1979	10	1979.79	223.4	212.19218909367777	197.96909037618096	197.59046317846295	195.11855065999256	215.7313103979556
1979	11	1979.874	229.8	213.66728919815444	198.77489972432227	199.02296885948118	196.81426747041598	217.60866688173837
1979	12	1979.958	232.9	214.82353574343423	199.4523412135006	200.20766695867343	198.26128189590864	219.17201732874753
1980	1	1980.042	232.	215.68568893326656	199.95999327228282	201.19395540103957	199.42848643304393	220.43441406078662
1980	2	1980.124	230.2	216.26831740461247	200.25309780603416	201.94996208595995	200.37039455256289	221.34303293597557
1980	3	1980.206	227.9	216.54534391701574	200.28858030565823	202.43435100597972	201.13159030823545	221.99616536916608
1980	4	1980.29	224.6	216.54256041233955	200.1449078761373	202.65691036708685	201.62907044738247	222.3718635267464
1980	5	1980.373	221.3	216.5104800857188	199.73213318838066	202.61893074910165	201.89478382187772	222.42556615065445
1980	6	1980.456	219.1	216.2163200307356	199.05376769495123	202.32090972821487	201.9075610397345	222.16389018218877
1980	7	1980.54	216.1	215.63366319601357	198.18422137595635	201.77014373161356	201.65638168167004	221.67899729377586
1980	8	1980.624	212.	214.7685349404469	197.1754493240175	200.97908771295548	201.18994942638403	221.03064126521167
1980	9	1980.708	211.5	213.63312802660536	195.91163188166334	199.9454885469182	200.50123770082175	220.09124318743793
1980	10	1980.791	211.9	212.2420520601679	194.40110252867802	198.71544327476323	199.57403615097354	218.95165751253913
1980	11	1980.874	209.1	210.63907306389032	192.65639038611937	197.2887327351889	198.40674470490595	217.60580365528236
1980	12	1980.958	202.8	208.7760510288378	190.6655041649156	195.66339209528874	197.0194531032905	215.98578699325566
1981	1	1981.042	199.6	206.66364433950517	188.5417785867866	193.81656339045034	195.41670281195212	214.09181694879985
1981	2	1981.123	202.2	204.3293523570817	186.49847035115693	191.75286234277397	193.59336399231776	211.93167139175776
1981	3	1981.204	205.4	201.79063604759307	184.230058295272	189.48108359597003	191.5550395674605	209.51383106197676
1981	4	1981.288	205.7	199.03940331370265	181.73663018058485	187.0040331632886	189.31979600967776	206.83505554933907
1981	5	1981.371	204.1	196.14142313241078	179.02178580605113	184.32455060287458	186.87624353748896	203.90038427614678
1981	6	1981.455	200.9	193.15161570982727	176.08990308039742	181.46186761359965	184.3430494913751	200.8317394286128
1981	7	1981.538	198.5	190.12035965405985	173.05991593920044	178.58457437200346	181.78739191624115	197.62218469569112
1981	8	1981.623	199.9	186.96549382438943	169.8381346053894	175.62844588164052	179.04136248514794	194.30051605760377
1981	9	1981.707	202.7	183.63909740445362	166.41559504491994	172.54806072070903	176.13567840685084	190.92797433649895
1981	10	1981.79	201.4	180.16939132307036	162.8615697542926	169.3709962650045	173.05974945804627	187.37724235091704
1981	11	1981.874	196.	176.50119699704518	159.20833161782966	166.02684098838407	169.80635697430483	183.64932410798065
1981	12	1981.958	194.1	172.63423205713494	155.4501781826233	162.5184838864744	166.37814809615622	179.84361488534992
1982	1	1982.042	192.7	168.65488097981014	151.93419514486354	158.9384380544572	162.7983127611303	175.83210565714535
1982	2	1982.123	186.6	164.50360194125275	148.2937594682038	155.2292319512234	159.25724750674325	171.6136164570486
1982	3	1982.204	180.	160.1761142509635	144.57097118179098	151.39174362214072	155.59444135381784	167.1974408683474
1982	4	1982.288	173.4	155.84841042087845	140.68108415167796	147.41940204555573	151.77581519124504	162.60430119892897
1982	5	1982.371	167.5	151.68540277775324	136.72051859101018	143.2992730964161	147.8092491352822	157.94401530062623
1982	6	1982.455	164.	147.55045246163317	132.66979144067474	139.12657185739772	143.8414018934108	153.08853940219478
1982	7	1982.538	161.5	143.37352213847757	128.58805622408383	134.8512373167284	139.9019988323274	148.38525006742697
1982	8	1982.623	153.5	139.03880404825534	124.4429200393239	130.68453869343983	135.96331363578457	143.5885496305331
1982	9	1982.707	141.4	134.5502749977505	120.42993470380812	126.46633796828092	131.9217808439851	138.75558577650986
1982	10	1982.79	133.3	129.90657011357357	116.80130646367996	122.23191425751331	127.81088607690283	133.74781894479878
1982	11	1982.874	131.3	125.21883290564537	113.04427936453011	117.94808418743943	123.5711986963491	128.5665639363013
1982	12	1982.958	130.5	120.49131369382985	109.19186495197523	113.54769456210289	119.22524088751925	123.34534800734596
1983	1	1983.042	127.9	115.74869394851808	105.20464310891302	109.1345899142839	114.85579588018209	118.02137939061195
1983	2	1983.123	123.9	111.20014745027183	101.08313493687879	104.76740183071082	110.36037189678478	112.87706430262811
1983	3	1983.204	117.1	106.51157371321295	96.82552031821517	100.46827184224692	105.7809260137709	107.95455739881795
1983	4	1983.288	110.5	101.68094124981604	92.43030507233424	96.21124504314962	101.41370869586932	103.06331555905403
1983	5	1983.371	104.5	96.70653256986118	88.19641447006224	91.99645825818526	97.04617053175932	98.1634265995731
1983	6	1983.455	95.9	91.58660592430302	84.16934181775163	88.00121230262471	92.57351148862111	93.34185866055347
1983	7	1983.538	89.1	86.33457403364824	80.05199101061666	83.99256258129431	88.20935011636914	88.64193339441249
1983	8	1983.623	88.9	81.2272810322246	75.84823533951945	80.06859485691574	83.82612079970612	83.83593715141271
1983	9	1983.707	91.7	76.31478158473327	71.53036041988062	76.29895933050716	79.32557206506776	78.91536070622789
1983	10	1983.79	92.	71.49700707622634	67.07749478756345	72.44226113691937	74.84427984523724	74.30283633985293
1983	11	1983.874	89.7	66.53827960409447	62.70492724396008	68.48498452399514	70.61587606194014	69.63675701876015
1983	12	1983.958	85.5	61.46218106291555	58.489148135757475	64.42569932265098	66.49508951657444	64.87577237049551
1984	1	1984.042	80.5	56.31350356773654	54.18942541102123	60.649739206692686	62.46563468669102	60.26198842546555
1984	2	1984.124	75.8	51.42900696683168	49.75596157988342	57.02772536095192	58.54376497576964	55.567214277655786
1984	3	1984.206	71.2	46.50569909381439	45.26757595371024	53.305690031051455	54.51386208221485	50.94688088199997
1984	4	1984.29	66.8	41.52534909692585	41.06601685386254	49.48084449242313	50.37205480996446	46.59961472206313
1984	5	1984.373	63.5	36.78964595707706	37.121175035201574	45.54910574882597	46.6996263380907	42.17468035982869
1984	6	1984.456	61.7	32.075834346378684	33.049338289706114	41.612297198707786	43.059428268888894	37.66008421975378
1984	7	1984.54	58.3	27.660026865751014	28.867811859593278	37.901125393841795	39.31330542652052	33.047516588430625
1984	8	1984.624	52.2	23.175267673099825	24.763087174271845	34.07968783178073	35.45607525349745	28.995000191223152
1984	9	1984.708	44.3	18.649949208402646	20.966667353648372	30.364594025058107	31.494542400392483	25.174557344175756
1984	10	1984.791	37.2	14.893790699239377	17.397433839293377	26.642208528830075	27.90627050537997	21.237472329331652
1984	11	1984.874	31.6	11.182495808129739	13.779467517752002	23.140589027717215	24.227842143485457	17.240157150248525
1984	12	1984.958	27.4	7.471648059203149	10.593204829552851	19.685993996988284	20.750134668954452	13.67941026730447
1985	1	1985.042	25.2	4.742029389804557	7.408345949071144	16.113982541942924	17.250089959905395	10.346244255276565
1985	2	1985.123	23.5	2.173072934467257	4.759452860144154	12.743851056295988	14.087734735209004	7.171819689654647
1985	3	1985.204	21.7	0.870254803521741	2.5151958680270052	9.87783189746575	10.814649067707109	4.365238913989525
1985	4	1985.288	21.3	0.6468612680510393	0.8873806883837574	6.9032991441476	7.795517461449632	2.0068068796922396
1985	5	1985.371	21.4	0.486675662716545	0.43637260289226615	4.240718636160215	5.290042337617768	0.2687185463136365
1985	6	1985.455	20.8	0.3869556166768712	0.38622051412362135	2.1006510282401996	2.6871786009695073	0.
1985	7	1985.538	19.9	0.33665314053693657	0.397395245244485	0.45925998845512933	1.021373859047096	0.
1985	8	1985.623	19.6	0.2930323473383361	0.42036456185111754	0.	0.	0.
1985	9	1985.707	19.8	0.30796868537220506	0.4310979386183675	0.	0.	0.
1985	10	1985.79	19.7	0.3383950782095248	0.515540702391657	0.	0.	0.
1985	11	1985.874	19.1	0.3863113289290919	0.614393791320121	0.	0.	0.03890535488199723
1985	12	1985.958	17.3	0.5206071694537621	0.7289976535296698	0.	0.	0.13177743019904684
1986	1	1986.042	15.2	0.6482098740667926	0.911246209450887	0.	0.	0.25389151095719725
1986	2	1986.123	14.3	0.8625671869943528	1.0771448602983285	0.	0.	0.46853588998388235
1986	3	1986.204	14.3	1.1005308054697875	1.3787252797563672	0.	0.	0.7006071357763449
1986	4	1986.288	15.1	1.4588980714161988	1.69062721562625	0.	0.	1.0654903552956787
1986	5	1986.371	15.8	1.8834697053810214	2.1268737642125073	0.	0.	1.450939915052811
1986	6	1986.455	15.2	2.496023978727788	2.602711119635482	0.	0.	2.0153630549727364
1986	7	1986.538	15.1	3.1751626045539276	3.22261263135258	0.	0.0485404126273467	2.6091906423843096
1986	8	1986.623	14.4	4.155147578978185	3.92047546063453	0.10092662049214791	0.30320772004851054	3.463225874029164
1986	9	1986.707	13.5	5.367339225834311	5.10554802964271	0.49903489493375264	0.6575856747455244	4.380972641510442
1986	10	1986.79	14.7	6.906752983570968	6.539944743052023	1.1226885259924555	1.2348076158087051	5.637466542309785
1986	11	1986.874	16.6	8.95895097691615	8.495727985318972	2.001490677827766	1.9719106672881732	7.148341798421907
1986	12	1986.958	18.3	11.75793553091561	10.817194430338363	3.221768001555364	2.893912909596556	8.992635799683862
1987	1	1987.042	19.9	15.56042630620419	13.52947837194936	4.936684723695477	4.169506221304335	11.480564741033733
1987	2	1987.123	22.3	20.920116517680572	16.885983366398023	7.484469977212468	5.885531146620505	15.008744510542568
1987	3	1987.204	25.5	28.281942048300674	21.079833753790403	11.481394648286274	8.165206095040162	19.6896968803373
1987	4	1987.288	28.	37.10623893018279	26.32152416290887	17.730413982981563	11.367469218987782	25.836436369967103
1987	5	1987.371	30.3	46.42501350320496	32.57454669827179	26.989752699724896	15.962094865548142	33.9177686170128
1987	6	1987.455	32.7	55.86549841084747	40.2150552893248	36.96926041515824	22.935996314197624	43.37189869596568
1987	7	1987.538	36.2	65.08548124544289	48.50586914442604	46.97002985370629	31.857410129716627	53.46627526988902
1987	8	1987.623	40.5	74.44097208592252	57.09820100238209	57.09657195337422	41.174348656593125	63.62167024318096
1987	9	1987.707	45.3	83.512161396923	65.94096929286225	67.0578807273325	50.415943700362774	73.81077291797041
1987	10	1987.79	51.	92.36198402893368	74.5006646491318	76.84512135991876	59.69064123971113	83.77505278516837
1987	11	1987.874	55.1	100.89986657538876	83.11880033540396	86.35099931165321	68.8263203471346	93.4200143395263
1987	12	1987.958	60.9	109.13137820794111	91.55163882205645	95.61031370359326	78.27576459049249	103.09019989364242
1988	1	1988.042	69.2	117.09844029522117	99.65446047974785	104.57562675513343	86.93428035965356	112.38161928040238
1988	2	1988.124	76.9	124.70415916188371	107.47363999119325	112.98959884351338	95.78834444278783	121.3402529875119
1988	3	1988.206	84.9	131.99371024739727	115.04968840115708	121.53785133259697	104.39066053704963	130.00481101246515
1988	4	1988.29	93.	138.98937116215313	122.2870341102204	129.56840611741487	112.69065889629252	138.2527772551037
1988	5	1988.373	101.4	145.61178919374785	129.18153694422173	137.23676442613186	120.69442524551049	146.11668711253012
1988	6	1988.456	114.3	151.8594900791536	135.83196288981404	144.58756550939563	128.34453078293913	153.67665119859473
1988	7	1988.54	128.5	157.82461086365674	142.26576260810577	151.50705457097172	135.66258266029394	160.8015906368622
1988	8	1988.624	141.1	163.42926358569665	148.3447618325405	158.0167103996494	142.6178631368729	167.4925111043406
1988	9	1988.708	151.2	168.65713278425676	154.07106906332805	164.21915242090543	149.1704968110661	173.8065157881985
1988	10	1988.791	156.9	173.51114483666893	159.4475277752321	169.99891492079414	155.4364606345265	179.76378678076273
1988	11	1988.874	164.4	177.99133532289216	164.54470643192877	175.34960284813488	161.33927615775139	185.3158819514364
1988	12	1988.958	176.1	182.23861465414458	169.32102599520772	180.29259272363646	166.83997528842616	190.48724381266283
1989	1	1989.042	184.8	186.12594751816474	173.74951067709205	184.89359046407765	172.0162871589598	195.23997177274853
1989	2	1989.123	190.7	189.65479197449721	177.8333908043194	189.12901547139228	176.79132985759173	199.59977728744107
1989	3	1989.204	198.	192.83127466361643	181.57682139969586	192.9672787326319	181.1251718094095	203.63193001251202
1989	4	1989.288	203.8	195.65980180904936	184.98670031141467	196.4139871848874	185.10894481964976	207.2533487297445
1989	5	1989.371	209.5	198.1482199176139	188.16525951897995	199.49381891464907	188.7829872814225	210.48699910075513
1989	6	1989.455	212.1	200.29100652356794	190.82074827637166	202.21370801384637	192.22248625281273	213.32879942744717
1989	7	1989.538	212.	202.12871920151568	193.29782051136013	204.5774555723897	195.39299117188492	215.79202083345004
1989	8	1989.623	211.1	203.6397424709116	195.45586888753232	206.65302077671598	198.24923277569997	217.90033004748298
1989	9	1989.707	210.5	204.87933546283193	197.30846714644736	208.48551593373617	200.80216828370186	219.63726525416783
1989	10	1989.79	212.4	205.8030842849759	198.89621800574884	210.0056128394818	203.07457768169363	221.0356131453779
1989	11	1989.874	212.5	206.65076212886075	200.2736312721975	211.22087340959212	205.0527118315427	222.14948684596982
1989	12	1989.958	206.2	207.47488136955567	201.37114611806095	212.1415907103369	206.73681042289675	223.1647560182562
1990	1	1990.042	201.2	208.1334426813078	202.18520248019342	212.78079638128867	208.11926920581809	224.06403599124963
1990	2	1990.123	202.4	208.57088721914894	202.72586285279772	213.1461079124871	209.17289329659482	224.68336656064142
1990	3	1990.204	200.9	208.84906862802126	203.00061231607913	213.3760693432539	209.94407653057604	225.09086068640173
1990	4	1990.288	198.1	208.88650787673583	203.01301763559607	213.4957803202541	210.44381651642593	225.1858739669622
1990	5	1990.371	195.1	208.64099360911308	202.7750643755894	213.3750377754135	210.64389374861125	225.05999706036013
1990	6	1990.455	192.	208.26007088704537	202.28766198087462	213.0717010684884	210.5601296708691	224.7610495788908
1990	7	1990.538	190.1	207.68601353453627	201.56178381783448	212.56831407679724	210.32503917240496	224.22054590975077
1990	8	1990.623	191.6	207.00522131762713	200.60278848112188	211.83685292822435	209.83238632664793	223.4712236822304
1990	9	1990.707	194.6	206.17728056096263	199.49015020883996	210.90043541802422	209.08373974810272	222.50429114660594
1990	10	1990.79	195.2	205.2083552054487	198.1739034451366	209.77622388367666	208.1488352734425	221.27750551410855
1990	11	1990.874	195.2	204.00956599398458	196.64691377813455	208.44982649713504	206.99223714214514	219.88695650686913
1990	12	1990.958	197.8	202.58709189863563	194.91446523043007	206.94779965994294	205.59088185235325	218.24859231328367
1991	1	1991.042	202.8	200.94820530721543	192.98216675099638	205.24954511747458	203.96162448382378	216.37137688270232
1991	2	1991.123	204.4	199.13924021773843	190.85793218986115	203.3746613087528	202.11615181103895	214.33944571256663
1991	3	1991.204	203.9	197.31052689323388	188.62673502916292	201.38903301797566	200.12538032303414	212.0737898555784
1991	4	1991.288	203.8	195.28200187963887	186.3331679218144	199.2709638910143	197.93179370485575	209.58272958901074
1991	5	1991.371	202.9	193.0612750187138	184.0696599981199	196.98085689224263	195.5432000340424	206.8747737629114
1991	6	1991.455	202.8	190.6545280098478	181.67916391165565	194.52449962758837	192.9673511596643	204.07346837416296
1991	7	1991.538	203.5	188.13488536542414	179.21513663720305	191.90098537259468	190.2034106896519	201.07470139432306
1991	8	1991.623	203.3	185.47062368546003	176.5899643407103	189.21027816830144	187.25554221418574	197.87913052184908
1991	9	1991.707	200.9	182.6380273129862	173.84838003573748	186.41079314443886	184.13318224093618	194.69233222601184
1991	10	1991.79	196.7	179.9509077211514	171.0034072161935	183.46504402033273	180.84142700436087	191.4310170623111
1991	11	1991.874	191.4	177.25510499641192	168.08682168258542	180.4811633562255	177.45146094853774	188.03351912440127
1991	12	1991.958	183.1	174.4055608974579	165.0178994280079	177.36156279121536	174.14446291964217	184.55704045324424
1992	1	1992.042	172.6	171.50119446866339	161.86215885563604	174.1056975874761	170.68750255288953	180.91776707733143
1992	2	1992.124	161.1	168.52204965198246	158.6134929841489	170.7191941147992	167.08484425917828	177.10962115277871
1992	3	1992.206	151.8	165.53432565165144	155.3235514148371	167.20662884955846	163.34063930302725	173.1274911215246
1992	4	1992.29	146.	162.6475483752439	152.16742809888746	163.59013856397235	159.4534949992017	169.14710697649983
1992	5	1992.373	142.1	159.70080745875796	148.9340473667318	159.9723836275552	155.43742309562876	165.02700408933478
1992	6	1992.456	137.1	156.63552121038992	145.58404873660652	156.252514654016	151.51937541469786	160.75129222150298
1992	7	1992.54	128.5	153.4542102872446	142.23560963038142	152.44108268459865	147.514384190639	156.39193159482716
1992	8	1992.624	119.3	150.23293215657958	138.79729730085953	148.5182381736144	143.38981313277932	152.08770494095802
1992	9	1992.708	113.	147.17494584853276	135.36372721009383	144.54216889790047	139.14597235071062	147.89532676555518
1992	10	1992.791	109.	144.09152071745353	131.9299784105588	140.54308298866565	134.78902509091313	143.70372523080007
1992	11	1992.874	106.3	140.89956329240596	128.4111071846538	136.5749910617813	130.4797491334675	139.4470727722094
1992	12	1992.958	104.5	137.59737586839842	124.99419310428141	132.55870614110373	126.2585378784244	135.2197657812169
1993	1	1993.042	101.9	134.18742046750825	121.63465531019821	128.56596364339808	121.98871572979111	131.11394574237437
1993	2	1993.123	99.3	130.6707794394355	118.6871339162307	124.55455644466089	117.66869052516323	127.05180209009605
1993	3	1993.204	95.4	127.04877339649397	115.75143395349477	120.4923834996135	113.38169260205326	123.20788522061528
1993	4	1993.288	90.2	123.32388324992125	112.72768611973429	116.46449691185262	109.06172201322714	119.33780721691448
1993	5	1993.371	84.2	119.49393223358139	109.66007910218465	112.37012878171237	104.67852691958639	115.38874934284217
1993	6	1993.455	78.6	115.76524934678793	106.50438828770167	108.34730178518998	100.45375478467051	111.63299647406342
1993	7	1993.538	76.5	112.08474390359201	103.26144097581802	104.35186594050161	96.31396693314717	107.78301367043503
1993	8	1993.623	73.6	108.3114552347386	99.9309349710426	100.48348431908116	92.1592647491143	103.8397909615824
1993	9	1993.707	68.3	104.45001455436098	96.51210290216277	96.99087163792606	88.1317993930149	99.8100431126419
1993	10	1993.79	63.2	100.51953168355931	93.11534870516881	93.79779534193342	84.33200908134265	95.73891449725095
1993	11	1993.874	58.4	96.48752476302394	89.82933918517541	90.60447034126456	80.61216947983864	91.5757671144432
1993	12	1993.958	55.1	92.35385663290103	86.46023525014031	87.42723040616778	77.1041304420467	87.34341609755649
1994	1	1994.042	52.6	88.22188512591913	83.02138385355924	84.27102616592512	73.62920995926432	83.20981192759399
1994	2	1994.123	50.2	84.41873067715179	79.52431466026384	81.06176646627785	70.18878872021091	79.14431168188035
1994	3	1994.204	49.4	80.52043997236241	75.97220192568561	77.79769115022339	66.68940980226512	75.01033173703232
1994	4	1994.288	49.6	76.52665788323327	72.470858596857	74.47823349356702	63.13065567307478	70.8295618749005
1994	5	1994.371	48.7	72.43656780865197	69.02689712003398	71.10298308097764	59.8242223251302	66.59370648308642
1994	6	1994.455	46.4	68.28420334834597	65.71372586940413	67.86026006460567	56.466367870730814	62.416298842361215
1994	7	1994.538	42.7	64.14031938211075	62.32052448741322	64.65383935249487	53.05017666711028	58.298761929480044
1994	8	1994.623	40.1	60.254252155780165	58.87916255264321	61.39199483718983	49.574729471921785	54.40656959622646
1994	9	1994.707	39.7	56.272588006859614	55.37762008698704	58.0741871132782	46.03947416923919	50.43044382340197
1994	10	1994.79	39.4	52.194148350849325	51.796241389709635	54.69980085004743	42.44979395685468	46.39468795105007
1994	11	1994.874	38.7	48.03616136968644	48.313508988636336	51.41599349331347	39.14368408521483	42.32965285799181
1994	12	1994.958	37.6	44.072695367282655	44.94109347002851	48.13153756502881	35.94367328675267	38.259231983395004
1995	1	1995.042	35.6	40.35900153058115	41.5533839497416	45.08512516656515	32.745472426836635	34.524308345343016
1995	2	1995.123	33.7	36.59277376414154	38.10989162814126	41.98505619364125	29.490853758463405	30.74901109710356
1995	3	1995.204	32.	32.79369478209679	34.58585570633263	38.82981112372065	26.24466680866997	27.102006430405204
1995	4	1995.288	29.4	28.951961132936784	31.37416621814547	35.61794684139636	23.254337716687303	23.56233517454813
1995	5	1995.371	27.3	25.437042470672882	28.35567467578386	32.34886303405126	20.20908290540518	20.423255333559055
1995	6	1995.455	25.9	22.061679650868204	25.265529479793024	29.271527239302646	17.1116379723206	17.34194531903631
1995	7	1995.538	24.4	18.724960014033513	22.124077413849992	26.254480516026227	14.341075482191203	14.2578285251089
1995	8	1995.623	22.	15.663121745315086	19.102905402641753	23.397653171690774	11.813312794717667	11.33934073902315
1995	9	1995.707	19.	12.652827262127905	16.27173402957794	20.488055617818556	9.237689752256388	8.883382886438099
1995	10	1995.79	17.	9.942959762869002	13.447606845448423	17.673633188091305	6.6991786328944745	6.452916246255724
1995	11	1995.874	15.9	7.73809528310942	10.801913418433887	15.02895818186355	4.688693457312377	4.2813566109529955
1995	12	1995.958	15.1	5.868155179776273	8.569658307798072	12.333773109214633	2.7248282327985094	2.34502529497658
1996	1	1996.042	14.5	4.837687924543887	6.310424374376757	9.726177762420305	1.1892250954335266	0.9157397864322632
1996	2	1996.124	14.2	4.313828989383769	4.142689215198763	7.593711613918579	0.13736780461832987	0.0160015113911149
1996	3	1996.206	13.7	3.8106451935346746	2.5417311781790013	5.432585200023449	0.	0.024495666014422823
1996	4	1996.29	12.	3.4078986772778257	1.1099348000563052	3.3650730379556295	0.	0.07128481524626348
1996	5	1996.373	11.2	3.017101849461872	0.2834705546880048	1.8520008564089407	0.	0.14962192961992848
1996	6	1996.456	11.6	2.6968027931950793	0.2597075720325098	0.5196950685130877	0.	0.2586974850823841
1996	7	1996.54	11.3	2.53117382592454	0.30513000190484807	0.	0.	0.4130810437783281
1996	8	1996.624	11.2	2.432166502591085	0.3522916783892312	0.	0.	0.5911829300882074
1996	9	1996.708	11.3	2.4415669612247526	0.43836048914009335	0.	0.	0.8518248175958144
1996	10	1996.791	12.	2.5863686490968383	0.5540312572542301	0.	0.	1.1068556479314773
1996	11	1996.874	13.4	2.73395717289261	0.6567860639894518	0.	0.1757778053909175	1.5082013421772378
1996	12	1996.958	14.3	3.0693620210312074	0.8444915070740526	0.	0.4791454713643366	2.1359592428254137
1997	1	1997.042	14.5	3.406538699256299	1.0226123407658296	0.	0.8459896081952876	3.153971999836387
1997	2	1997.123	15.2	3.89719667562609	1.2556270621220103	0.	1.3737786385551862	4.267184689562912
1997	3	1997.204	18.3	4.4738716805304435	1.5617662578780807	0.	2.0176960725506565	5.725292962561662
1997	4	1997.288	22.	5.4364186986659115	1.8790702460296536	0.07714212474650016	2.7886284427692507	7.28974709938588
1997	5	1997.371	24.4	6.64849121054455	2.3235226941013645	0.28734411701477197	3.8240265469946624	9.1165326093782
1997	6	1997.455	27.2	8.232389144288032	2.7492384498926565	0.8990927569371711	5.048837302654615	11.033345216847932
1997	7	1997.538	30.4	10.097579038618704	3.3667484293816448	1.8546780865545263	6.561464108736053	13.329341629934218
1997	8	1997.623	33.6	12.22815080177055	4.274752975858124	3.080791105873562	8.49336755575816	15.711395540141275
1997	9	1997.707	38.2	14.857117962981299	5.562425681455841	4.667360320616266	10.998200915954198	18.48840800742169
1997	10	1997.79	43.1	17.89766493070804	7.008008452457241	6.494027426933471	14.422517033736337	21.617763391105907
1997	11	1997.874	47.1	21.48137902875504	8.753734580726034	8.592709116131894	19.025881843134172	25.060169643333655
1997	12	1997.958	52.	25.69300469345436	10.689496662546073	11.12192431204939	24.686971775956486	29.06128831109084
1998	1	1998.042	58.4	30.457727190804526	12.911271488204882	14.163530264588395	30.964166186761418	33.497213436429064
1998	2	1998.123	65.4	35.7007423970996	15.439916876338915	17.843467215482193	37.52300185552452	38.33941498547438
1998	3	1998.204	72.	41.25897725075551	18.208946441527935	22.301697718564828	44.25029066383587	43.57066098938151
1998	4	1998.288	76.9	46.91455218088634	21.408594269143457	27.521329163669417	50.96111740546667	49.08234265127191
1998	5	1998.371	80.8	52.68121551484283	25.11551472842131	33.40871966489425	57.709000779149875	54.71043174853596
1998	6	1998.455	85.4	58.37774672163522	29.288485397238567	39.568162630982954	64.45861264269753	60.353360044564795
1998	7	1998.538	89.8	64.05189545384485	34.03219074205732	45.7058536064994	71.24049230257923	65.95074639381313
1998	8	1998.623	93.5	69.7214565766091	39.17840009099655	52.10619295641201	77.86526569911862	71.6577640157395
1998	9	1998.707	96.4	75.29061282508012	44.670438983506784	58.375752924201876	84.38743759177541	77.26069599408649
1998	10	1998.79	98.2	80.74025127774009	50.3817319679663	64.5104138519861	90.82798006890668	82.69346844415506
1998	11	1998.874	102.3	86.02677070625927	56.18833844591766	70.62115027168022	97.0796821626796	87.95765887317364
1998	12	1998.958	110.4	91.14484158745687	61.97056701912792	76.59618590767491	103.17034098437865	93.14350775121929
1999	1	1999.042	118.4	96.09175379865674	67.81748351185968	82.48088832750646	109.1559499626876	98.14466374795856
1999	2	1999.123	122.5	100.89925336257919	73.63040321944105	88.30460721416748	114.91933399110911	102.95705555755957
1999	3	1999.204	122.3	105.56014325027502	79.30293374612745	94.0018092541886	120.45398268437124	107.64182851231193
1999	4	1999.288	125.	110.03551501802347	84.81574537712598	99.50035425733888	125.78125412246419	112.19332576307237
1999	5	1999.371	132.6	114.32570188449805	90.24308457871797	104.80219454874145	130.94322645693302	116.53536025228365
1999	6	1999.455	136.3	118.43113538124886	95.64635434511784	109.8951676678743	135.85080896899086	120.69211083935
1999	7	1999.538	138.1	122.34605489930073	100.92010222655358	114.8650146352484	140.49174865331233	124.66805819783566
1999	8	1999.623	142.9	126.11069293032577	105.99955713320311	119.60791446027747	144.86673991118016	128.42686225874507
1999	9	1999.707	150.5	129.69336813738133	110.88364525934982	124.1232790744578	148.9740330156707	131.96745107465307
1999	10	1999.79	159.3	133.07690261957646	115.56906991099423	128.40742542476664	152.8398421279625	135.28454770093197
1999	11	1999.874	164.1	136.26461259907583	120.05849784840488	132.4623954500352	156.49566622667862	138.37602204304213
1999	12	1999.958	164.	139.2679811452509	124.38738703050737	136.2746117648118	159.86247155178086	141.26671967987096
2000	1	2000.042	166.1	142.06813677801193	128.53369556867264	139.85556345790582	162.94408350240994	143.97562709600214
2000	2	2000.124	170.6	144.66694130255274	132.4839694239604	143.273302416242	165.7430001133378	146.46165740701198
2000	3	2000.206	174.3	147.1053930272733	136.23855608627795	146.45138374214113	168.490061805405	148.50370573972978
2000	4	2000.29	175.2	149.34574467727884	139.77984788165531	149.38886427964874	171.1933497326919	150.9061775241492
2000	5	2000.373	172.9	151.38681044481322	143.1058915001979	152.07422092845397	173.73388970581286	152.59764458452062
2000	6	2000.456	172.7	153.23321019647983	146.2158457587462	154.52151813088142	176.0590563575777	154.15496844478608
2000	7	2000.54	174.2	154.91588999990176	149.1078401510227	156.72115617537614	178.13394428928393	155.50252065802414
2000	8	2000.624	172.8	156.43862687944647	151.78139569559002	158.67497529836828	179.89981022327964	156.6401127662581
2000	9	2000.708	168.8	157.77385966405893	154.23498663050273	160.3886396047236	181.4331850678688	157.6325683797282
2000	10	2000.791	165.3	158.92089151213145	156.46842948508677	161.86221461637734	182.71859465507913	158.4002628158306
2000	11	2000.874	163.1	159.89478779790815	158.5519771414119	163.09234971560238	183.70023466026703	158.9464083127359
2000	12	2000.958	162.7	160.73587608151337	160.44551275484827	164.08253977516864	184.46355302060348	159.26845543529723
2001	1	2001.042	158.3	161.3923194932047	162.12762090350594	164.87940079330568	184.94193205883525	159.36970375368938
2001	2	2001.123	152.5	161.8636530206492	163.598874836367	165.48028094542238	185.18234033889556	159.2715902720353
2001	3	2001.204	155.1	162.15220861089745	164.8741210788967	165.85115793674996	185.1488853634525	159.21088999712526
2001	4	2001.288	160.7	162.3022690841382	165.9939085113126	166.0040896076197	184.8395433038771	158.96587090836593
2001	5	2001.371	163.7	162.3153457524713	166.90740757352208	166.01043920502468	184.2737555397084	158.55214422199285
2001	6	2001.455	167.4	162.18980496969	167.6110917644085	165.8511912489744	183.51197608996128	157.9391760263186
2001	7	2001.538	172.	161.88738912013673	168.10952761298435	165.4875789569491	182.5140342654949	157.2032555841252
2001	8	2001.623	175.8	161.43910831709604	168.40412607869996	164.9276910210156	181.2639565051984	156.34703115597435
2001	9	2001.707	177.1	160.89141241956213	168.49144717006774	164.32079710869846	179.83660198713534	155.49629607064384
2001	10	2001.79	177.3	160.21795984480642	168.37695053925174	163.605300954049	178.3256552991918	154.55721375784603
2001	11	2001.874	180.3	159.4107023721687	168.0685715907979	162.7573067083368	176.69953601394383	153.6689899001744
2001	12	2001.958	179.1	158.53408673302462	167.64426071154506	161.71228989051147	174.85321071013803	152.66185790651403
2002	1	2002.042	177.6	157.75024367509528	167.0244602746508	160.5128830609844	172.79730961325154	151.5352798375898
2002	2	2002.123	179.7	156.97937860189205	166.21177381159154	159.20392471690195	170.5820838802426	150.34479104887532
2002	3	2002.204	178.2	156.31280579647395	165.3870460671163	157.75609654756911	168.2864822640565	149.12683027373913
2002	4	2002.288	174.4	155.75791820880596	164.38995202041386	156.1198251414627	165.79536199873309	148.1685505567954
2002	5	2002.371	171.3	155.11773489219783	163.21659170032433	154.35730517945166	163.14498153063622	147.30961383346707
2002	6	2002.455	166.9	154.45183300563755	162.00339829184267	152.49607657846644	160.40110798126676	146.39003798305373
2002	7	2002.538	161.5	153.6605418166585	160.63063474942535	150.52815479252058	157.51823351533577	145.3031714435845
2002	8	2002.623	155.4	152.76671528678858	159.08770404205833	148.38807668645828	154.61079163287872	144.1144966748469
2002	9	2002.707	149.5	151.76584821315979	157.37531949373184	146.21338241372942	151.62015636577033	142.77443753723227
2002	10	2002.79	143.9	150.61528462474746	155.54718426812983	144.1432324818988	148.9171382791443	141.2675792889791
2002	11	2002.874	136.	149.33635980984562	153.62415875562704	141.92300077681426	146.2602207086098	139.5972323511579
2002	12	2002.958	131.4	148.02334146941323	151.59117822509984	139.68236703849058	143.45856162068998	137.76722592352186
2003	1	2003.042	129.6	146.81134573815444	149.4145112260536	137.38054831376184	140.51367900141378	135.78880585916272
2003	2	2003.123	125.7	145.4513907502409	147.2397450689171	135.13613593792553	137.4284388559155	134.01824096907507
2003	3	2003.204	118.7	143.9360806677956	145.20870054322512	133.03464535927657	134.20566751738468	132.11479834340219
2003	4	2003.288	111.9	142.28581905371047	143.1544544511036	130.8823072989554	130.84563699789865	130.06203603641745
2003	5	2003.371	107.	140.56812080312434	141.11637427727888	128.60584460711118	127.35036174192054	127.85991600778755
2003	6	2003.455	101.7	138.70958858887244	139.03765612266457	126.20727074214511	123.7528392666135	125.5088184455142
2003	7	2003.538	96.	136.70554059897134	136.98703601590987	123.68918802928621	120.05252433980162	123.00947223314901
2003	8	2003.623	92.9	134.55723669273337	135.04683439229544	121.05220570193099	116.55207813001223	120.36394923951393
2003	9	2003.707	91.8	132.26714393805338	133.02688519474123	118.56941419332719	112.92808884753988	117.58940615621995
2003	10	2003.79	89.1	129.98481952332952	130.8781734848173	115.98034049084063	109.1877124483363	114.94640634731648
2003	11	2003.874	86.9	127.78605475556385	128.60012185396735	113.28008903826574	105.35822558742872	112.3141277525819
2003	12	2003.958	84.1	125.48294910373367	126.21210944961966	110.47034769515209	101.403666590241	109.54164403611402
2004	1	2004.042	80.1	123.04675531664085	123.9933313920683	107.56607756448213	97.33797234880296	106.62923705149394
2004	2	2004.124	76.4	120.4710231319904	121.65330165107446	104.5631607632852	93.18360063390963	103.5758385029869
2004	3	2004.206	73.2	117.7581596048359	119.23115535997991	101.45102524066276	89.09923452105673	100.38066961010652
2004	4	2004.29	71.	114.91451528040733	116.69024713987068	98.22895532442259	85.23866359269573	97.04368300383584
2004	5	2004.373	69.5	111.93427497781306	114.02802381690876	94.91986474983445	81.46453116240644	93.7682532797518
2004	6	2004.456	67.1	108.99074877169475	111.24352495859922	91.9037655318708	77.69960356206681	90.64875863479853
2004	7	2004.54	64.8	106.19424821244239	108.33668529771793	88.83832438149629	73.8236909799124	87.39114064894164
2004	8	2004.624	63.	103.26959208376582	105.30749741129215	85.69399724173245	69.9881334753776	83.99373099866166
2004	9	2004.708	60.2	100.20978239766727	102.44510137287726	82.4858290301175	66.08904145819946	80.45468503772992
2004	10	2004.791	57.9	97.01472049696812	99.56037132976915	79.21960374267591	62.520805674072875	76.77203962526755
2004	11	2004.874	56.6	93.68739077696532	96.5869363126172	75.95283067385772	58.84413973314	73.11359549290962
2004	12	2004.958	55.7	90.24414742711835	93.51838597385822	72.59600343819879	55.05503452949375	69.72452646261787
2005	1	2005.042	54.5	86.98611868957867	90.33248683968286	69.48208282003777	51.149917097425316	66.2657877717042
2005	2	2005.123	53.2	83.86565020861251	87.02933358614236	66.33350415381986	47.125440040430114	62.717262360345025
2005	3	2005.204	52.3	80.64292429172583	83.6078195204486	63.0887136839743	43.46543925267194	59.03664792344155
2005	4	2005.288	49.3	77.28669384704143	80.36839744879876	59.7446873079878	39.75591181283682	55.254619144901824
2005	5	2005.371	45.	73.79744819660058	77.13322762665965	56.298588686589504	35.929226031458654	51.82451834529204
2005	6	2005.455	44.5	70.17062495681519	73.78325311398764	52.74668197051097	31.98077292499201	48.26049417415645
2005	7	2005.538	44.6	66.68155862431011	70.34230059069596	49.49227356362556	28.404664730083862	44.5653704244759
2005	8	2005.623	41.9	63.27594876624439	66.8770426224925	46.18412712217561	25.05074955755125	40.777225019805726
2005	9	2005.707	39.4	59.754869542543545	63.366243893796145	42.76989284910221	21.584556738648867	37.20139476824981
2005	10	2005.79	38.9	56.170566377864	60.04626422164547	39.39881245442578	18.002419512856534	33.76031654406963
2005	11	2005.874	38.4	52.4450348801787	56.768685493217866	35.95274048171248	14.911216995073387	30.186497137760412
2005	12	2005.958	36.	48.852508562513826	53.39972632552724	32.86122155277744	11.74041139456902	26.506201595184507
2006	1	2006.042	33.	45.416013377721235	49.93511849862932	29.700077926177723	8.66635237918158	23.23148095778232
2006	2	2006.123	29.7	41.999139108736706	46.35298168796838	26.429828048160616	6.2502930199746265	20.129085048640576
2006	3	2006.204	27.4	38.44743478445539	42.88548245843358	23.045562990419835	3.7507355754041787	16.974526561399234
2006	4	2006.288	27.	34.91689798771967	39.61318227854969	19.98202424376992	1.7835682850967443	14.002906856091109
2006	5	2006.371	27.4	31.70665205715514	36.24830026212949	16.91181858887422	0.37646713531238757	11.262940502839399
2006	6	2006.455	26.2	28.401875870989173	32.76420799308959	13.9497284778394	0.	8.489428119203872
2006	7	2006.538	25.	24.97374789665298	29.200532034981812	11.180122568090605	0.17358050727803503	6.294424637114247
2006	8	2006.623	25.9	21.88080413342877	26.108138586317004	8.622855045697767	0.5022578824315488	4.527766255927806
2006	9	2006.707	26.	19.045628395279525	23.06650985082629	5.966261159925069	0.9119547850828199	3.3687840896272516
2006	10	2006.79	23.7	16.12499842782611	19.95013058904961	3.8077734693844087	1.5233098856241412	3.0566630568991777
2006	11	2006.874	21.1	13.618012207606489	16.879369220098482	1.8983001314705914	2.2213992033597885	3.658461475668583
2006	12	2006.958	20.2	11.217506502620685	14.133989536817701	0.4718387166101781	3.047585306157406	4.347092577026716
2007	1	2007.042	19.8	9.413458573267011	11.298846576126335	0.	3.9573737345075037	5.088391789240625
2007	2	2007.123	19.	8.031373171134993	8.476167877377563	0.	4.907808788270873	6.047592569456309
2007	3	2007.204	17.7	7.710769092669228	6.318295702666307	0.026731220250140023	5.983394883550674	6.971531393903398
2007	4	2007.288	16.4	7.473327327726895	4.111291862090884	0.29706067140597703	7.170402095167211	7.9789956802727175
2007	5	2007.371	14.4	7.248976479453961	2.259265455374049	0.7271981522344018	8.293723433158137	9.104317234691468
2007	6	2007.455	12.8	7.015799317759122	0.8157903741573485	1.2285077476526949	9.669640151240927	10.162412633947955
2007	7	2007.538	11.6	6.842011383492254	0.2421631988396362	1.8635998059493342	11.021500533891293	11.295327446114767
2007	8	2007.623	9.9	6.670138388727498	0.3026940057617894	2.619659507996217	12.576579560176453	12.511913551531924
2007	9	2007.707	9.6	6.5309036639974645	0.37419557257538705	3.6025861811460356	14.108543013130593	13.651401386560087
2007	10	2007.79	9.9	6.417125897437149	0.4880813604228993	4.610030975562567	15.789966243470333	14.864588824254724
2007	11	2007.874	9.2	6.382158789692269	0.5881341280885778	5.80120636693798	17.53652386335114	16.119423494983874
2007	12	2007.958	7.9	6.365192301942364	0.742578053514693	7.0349954469885185	19.405097059142136	17.333295063891423
2008	1	2008.042	6.6	6.389947823941518	0.9147537391375146	8.405133659536958	21.432333992346603	18.643566604072863
2008	2	2008.124	5.6	6.563155903324818	1.0918340781478617	9.887811351440833	23.445166899203148	19.906310548886218
2008	3	2008.206	5.1	6.736612657948964	1.3863697858225745	11.542752526642142	25.68185444796961	21.058934879583525
2008	4	2008.29	5.1	7.341072780061398	1.6612955741318693	13.211602957558512	27.775234604031226	22.35679460698211
2008	5	2008.373	5.4	8.087135622972735	2.009531291901582	15.153214272538028	30.142784062773877	23.60380742482621
2008	6	2008.456	4.8	8.999726446424555	2.414467226174538	17.15633910767248	32.43269384803926	24.792013409871306
2008	7	2008.54	4.	10.137847095245188	2.804569964210641	19.518062300872977	34.652028983701676	26.130293227109593
2008	8	2008.624	3.8	11.266658832849101	3.480286002107334	21.96630329351866	36.99647723313627	27.366704538831282
2008	9	2008.708	3.2	12.776784881710004	4.3347796066407955	24.654977587566673	39.212376106657906	28.476090702542088
2008	10	2008.791	2.4	14.25883571625442	5.481176372781127	27.711953299635393	41.2447948117089	29.65405448505069
2008	11	2008.874	2.3	16.092882091468628	6.724987532381837	30.909295447001657	43.37833156586757	30.798388021566485
2008	12	2008.958	2.2	18.002903050499217	8.143599864822901	34.41571977757733	45.384520168952875	31.81209612942302
2009	1	2009.042	2.5	20.234927517187824	9.725038562362597	38.03133094775698	47.20983326563202	32.701331319200676
2009	2	2009.123	2.7	22.572069554072353	11.449341662894277	41.735858704437675	48.93519354785595	33.721121411315266
2009	3	2009.204	2.9	25.171226300348973	13.484781888451618	45.45660627973445	50.485246439588344	34.624691315686924
2009	4	2009.288	3.3	28.150455065383383	15.583983239303755	49.229553955684	52.05977923697073	35.44916969572041
2009	5	2009.371	3.5	31.215609810569887	18.04990526280904	52.804300655281665	53.49037410198145	36.169710827237346
2009	6	2009.455	4.1	34.62177479976179	20.718545643867866	56.36549660075813	54.79008509013897	36.888517097799415
2009	7	2009.538	5.5	38.063387754448016	23.544720734099894	59.88599914248002	56.01406496891081	37.61915013527798
2009	8	2009.623	7.4	41.68257843830721	26.890084434090905	63.18757135049482	57.06356343475563	38.23114008668833
2009	9	2009.707	9.5	45.226220401890814	30.475580041500265	66.27092258878528	57.939513807494734	38.72613750617241
2009	10	2009.79	10.9	48.982300609816434	34.282976471275276	69.13813772841054	58.75584789654495	39.10726783466354
2009	11	2009.874	11.7	52.55968485736187	38.54354439550137	71.85468883208308	59.48766382816701	39.382961885384475
2009	12	2009.958	12.7	55.99758731286006	42.957073317580814	74.50794283149176	60.209374500260324	39.61356740893472
2010	1	2010.042	14.	59.52108604103299	47.59374691791546	76.99082748211183	61.157942079563604	39.917683975758926
2010	2	2010.123	16.1	62.8920780048096	52.30027128911309	79.26154976588622	62.12511902261028	40.14875676597007
2010	3	2010.204	18.5	66.07726049884316	57.065072422451195	81.32417921974218	62.955369665116336	40.28075395244094
2010	4	2010.288	20.8	69.079433569686	61.635821954893956	83.18029008667393	63.64768677782583	40.31615714644662
2010	5	2010.371	23.1	71.90492451011228	66.33135060231066	84.83222191876983	64.20300976935182	40.26167638562784
2010	6	2010.455	24.6	74.55766865173354	70.92822757294147	86.28193353063209	64.62343275883619	40.15791163620726
2010	7	2010.538	25.2	77.15331400741603	75.30310483656349	87.5314011829327	64.90860499449043	40.05001793949527
2010	8	2010.623	26.4	79.63068291360933	79.45590017046828	88.5862569184826	65.06143184655181	39.901062257643474
2010	9	2010.707	29.5	81.93761794634501	83.48086052259015	89.53020865277509	65.08208054446384	39.74112636513474
2010	10	2010.79	34.5	84.07725258966077	87.43219490283653	90.36192182375237	64.97191673846834	39.56270030380292
2010	11	2010.874	39.1	86.05529488378168	91.15282363554067	91.02306583231038	64.73414719805038	39.357245642815926
2010	12	2010.958	42.5	87.87628295116119	94.64268164344692	91.59495358324222	64.51912685229568	39.27448619007024
2011	1	2011.042	45.7	89.54264093316836	97.93355897842554	91.98975741859104	64.22047746781404	39.12354999338671
2011	2	2011.123	48.8	91.0597968324449	101.02467040414379	92.20968028241579	63.80749285362374	38.9324365560761
2011	3	2011.204	53.8	92.4717816045916	103.95587734314327	92.28862185681174	63.318768096412335	38.8403707410253
2011	4	2011.288	61.1	93.75367160279158	106.66727939754132	92.27943287265042	62.76723740545257	38.734431496677836
2011	5	2011.371	69.3	94.93021281684437	109.1597582410959	92.1604414115205	62.10213033528431	38.759500236447096
2011	6	2011.455	77.2	95.97406309893212	111.43617050732766	91.88381645194218	61.324463227944804	38.98459426436823
2011	7	2011.538	83.6	96.88608741630598	113.49644394691865	91.46489188992057	60.43560830432531	39.17542416248563
2011	8	2011.623	86.3	97.67039726585566	115.41255228489457	90.99904726155872	59.53082732798401	39.316177286995675
2011	9	2011.707	86.6	98.32623786810838	117.1485258296338	90.44201046015431	58.661833473671535	39.40538307703388
2011	10	2011.79	87.4	98.8690255541967	118.66819002480591	89.7789914476751	57.69278302894433	39.5103005911633
2011	11	2011.874	89.4	99.37693830594317	119.97326332689134	89.09051498392218	56.631500909459625	39.58227806811092
2011	12	2011.958	92.5	99.78522719971389	121.06602780843622	88.35916626187496	55.63375513879135	39.63384016014245
2012	1	2012.042	95.5	100.07410866635058	122.02177532577267	87.67129087447648	54.651081350838965	39.702957788036194
2012	2	2012.124	98.1	100.2739423119147	122.77829509423526	87.25433645687713	53.615586565187186	39.715515865149804
2012	3	2012.206	98.3	100.45575601600684	123.33311200458077	86.78696504399761	52.596969346790345	39.66972203021233
2012	4	2012.29	95.1	100.60435673172888	123.68802169274143	86.22351281662674	51.706608282677905	39.564436690644975
2012	5	2012.373	90.9	100.64838564458064	123.84987125186841	85.56450012745175	50.73239982640248	39.39635416310286
2012	6	2012.456	86.6	100.67594081433779	123.84048727582602	84.81103629649132	49.653736142914354	39.16305589023529
2012	7	2012.54	84.5	100.66817424238796	123.74216045481546	83.9664535145815	48.535878690559414	38.863462873643954
2012	8	2012.624	85.1	100.74691733547338	123.5914327161285	83.03268359983544	47.316521626227555	38.494290065158985
2012	9	2012.708	85.3	100.7879866448393	123.2691758075927	82.01086279011413	46.00039136419873	38.193565008612055
2012	10	2012.791	85.8	100.7354108297293	122.77685503231038	80.90279101558077	44.86341703481718	37.85648519997695
2012	11	2012.874	87.7	100.58796595767652	122.1154735824694	79.71038103801185	43.662570522762046	37.4533958821004
2012	12	2012.958	88.1	100.35398946192934	121.31904353406814	78.52101732551402	42.3498496079357	36.983518228139225
2013	1	2013.042	86.8	100.02640358815961	120.4444059448811	77.3619807292585	40.926602622367895	36.443729579804995
2013	2	2013.123	86.1	99.60155069848702	119.46565124208733	76.12732054268095	39.40991448521198	35.851362438536704
2013	3	2013.204	84.4	99.07875739147137	118.33904408117273	74.81782396953625	38.02310830206287	35.24372807822643
2013	4	2013.288	84.3	98.48913632902165	117.13458737665223	73.43574083958472	36.66051791622533	34.74774063241656
2013	5	2013.371	87.	97.91865907676967	115.8350698131877	71.9823355266052	35.191253296987796	34.200635758306184
2013	6	2013.455	90.9	97.25899846743891	114.45367010748835	70.45735049031519	33.61644504038842	33.58239217068211
2013	7	2013.538	94.6	96.5119241623914	113.2301401911618	68.86579972848536	31.995760333537554	32.891903375152836
2013	8	2013.623	99.	95.67782282329541	111.97596593776343	67.25407356923856	30.508740545342125	32.1273545483691
2013	9	2013.707	104.6	94.7565973582552	110.81549489367114	65.78802054506156	29.02045311208429	31.287624169517574
2013	10	2013.79	107.	93.74891400545984	109.68664150722405	64.3188494208371	27.435568953888275	30.564068045373713
2013	11	2013.874	106.9	92.6552235277585	108.45564479030129	62.778892390958205	25.786915761101636	29.81092284228875
2013	12	2013.958	107.6	91.47639909739861	107.12344043064383	61.16957881532225	24.21121930614499	28.986924444448864
2014	1	2014.042	109.3	90.21273017870269	105.69209986515102	59.51617163903264	22.766241732230053	28.090752639561316
2014	2	2014.123	110.5	88.92315783982264	104.1639977399871	57.79210006235564	21.238146123173333	27.121452691140973
2014	3	2014.204	114.3	87.68581028441793	102.54073971308823	55.98964094447284	19.639124850687395	26.158049224607783
2014	4	2014.288	116.4	86.37172432666671	100.86165403616623	54.23656540142688	18.405886247057456	25.401150850027257
2014	5	2014.371	115.	84.9808301804304	99.28704187666331	52.542064849408966	17.53003258955994	24.698767035382648
2014	6	2014.455	114.1	83.51341960077472	97.62546363994736	50.79459822113238	16.72585611164441	24.03377375022415
2014	7	2014.538	112.6	81.9741530214501	95.87963810249961	48.970888672198285	15.964825979709067	23.331742149862542
2014	8	2014.623	108.3	80.3703341339988	94.05113170779485	47.07122835670622	15.607316940792135	22.65992280484014
2014	9	2014.707	101.9	78.69272772015141	92.14110311513966	45.09585842184033	15.247212572128094	22.135617107040865
2014	10	2014.79	97.3	76.94163870611442	90.1483230518609	43.091682761408805	14.888037250413005	21.613798875279766
2014	11	2014.874	94.7	75.34244275609169	88.11620906742294	41.24503792595126	14.745898178134086	21.00219220498361
2014	12	2014.958	92.2	73.67969787053042	86.02210206378798	39.348933622229204	14.704170344686538	20.357800924334907
2015	1	2015.042	89.3	71.94998683215653	84.10047403732561	37.38938798918051	14.67821797040039	19.830819652318432
2015	2	2015.123	86.1	70.15320252395499	82.1471337751091	35.3573728882639	14.738335024446656	19.315217013946633
2015	3	2015.204	82.1	68.28880804467786	80.11165256519119	33.25317804197633	14.920741853315517	18.778142944318656
2015	4	2015.288	78.9	66.35771077675845	78.01545922859408	31.270584095919578	15.298163096571189	18.199548795035092
2015	5	2015.371	76.1	64.39459830242455	75.85891990406827	29.327131826338952	15.686312993584169	17.634113177989637
2015	6	2015.455	72.1	62.63516385210229	73.61935686986577	27.336352439466403	16.144215055471655	17.174234555710846
2015	7	2015.538	68.3	60.909968885117244	71.29619033459245	25.282961089016105	16.850914019923636	16.712576033729366
2015	8	2015.623	66.4	59.15599488390339	69.05671618827462	23.185168016372124	17.507953904876885	16.1625588319434
2015	9	2015.707	65.9	57.35514850057213	66.90085705120705	21.29402625322527	18.18367454804445	15.664648353203056
2015	10	2015.79	64.3	55.47967189457731	64.67357662331263	19.4181196012928	18.826050777156894	15.285871253618536
2015	11	2015.874	61.2	53.57803283131679	62.36521494897486	17.506734512625787	19.59386430241093	14.857832906603988
2015	12	2015.958	57.8	51.70732783447073	59.97625280097014	15.567695173335778	20.381845827906343	14.354628472638053
2016	1	2016.042	54.4	49.97369027311941	57.50688747125761	13.808088067425311	21.099941527816245	14.033162375133944
2016	2	2016.124	52.5	48.16404685108755	55.031299916149635	12.138093328068166	21.800002754611096	13.73843598075443
2016	3	2016.206	50.4	46.320606504719244	52.7616358749893	10.44123876829282	22.501021706466066	13.374969616553768
2016	4	2016.288	47.8	44.43006608605472	50.41260497601896	8.76123837126367	23.28508545830141	13.187833829614942
2016	5	2016.373	44.8	42.459725026659925	47.98411968259526	7.419029210982003	24.04042329627842	12.97241745253054
2016	6	2016.455	41.5	40.559585627151144	45.47602691055469	6.0480723962587986	24.764631827901617	12.919569434554713
2016	7	2016.54	38.5	38.739240508420394	42.88782413849486	4.6507549591740975	25.47787068089851	13.242978798734564
2016	8	2016.624	36.	36.90896491089847	40.44764243169663	3.548319949450172	26.27292529270439	13.669168807442887
2016	9	2016.706	33.2	35.00054215326296	38.10869579693503	2.5654008863110898	27.041190757612785	14.335197310266892
2016	10	2016.791	31.5	33.013515455201016	35.69314665874229	1.9741531175334484	27.801004323867854	15.143135548742016
2016	11	2016.873	29.9	31.07554370543921	33.20021588787807	1.677886052231249	28.60804716856938	16.147309281446493
2016	12	2016.958	28.5	29.262558126009342	30.629434131100894	1.7900371942607123	29.498711031588005	17.15431588454207
2017	1	2017.042	27.8	27.430082449799055	28.319992934928344	2.272400152184193	30.58497688181226	18.215804487226517
2017	2	2017.122	26.5	25.518677673834244	26.089688250904683	3.029754348169333	31.609977536208756	19.269880207728104
2017	3	2017.204	25.7	23.577134738923075	23.838416000921058	3.740430412624551	32.50140748004793	20.31531309793777
2017	4	2017.286	24.8	21.924711099641566	21.516442908043004	4.540641489947125	33.23265613306801	21.32564864847791
2017	5	2017.371	23.3	20.242844872997736	19.291824448316	5.348055082293472	33.80747784775146	22.29199056932116
2017	6	2017.453	22.2	18.563479351257346	17.196871235646295	6.1010560852378015	34.31094139904825	23.295471410293
2017	7	2017.538	21.	16.83302161185097	15.07409363424099	6.975394978774133	34.76944966578842	24.2823891322663
2017	8	2017.623	19.6	15.342323782105101	12.9334459863949	7.829478062955484	35.08352438413246	25.176920097206192
2017	9	2017.705	18.3	13.784138631011494	11.024762521263419	8.623739177207607	35.28085889699329	26.025848705777836
2017	10	2017.79	16.7	12.193274483153496	9.126915021682407	9.451710679364957	35.375001144224306	27.009162069864637
2017	11	2017.873	15.4	10.846214120656253	7.335511882329666	10.241979144333513	35.38049439132496	27.913827903992843
2017	12	2017.958	15.1	9.672781761690354	5.876061312483183	11.026133967686592	35.364550655598414	28.732863422739598
2018	1	2018.042	14.2	8.482254872444795	4.456576300463533	11.857654966217895	35.230783031226444	29.521733011569534
2018	2	2018.122	12.6	7.51721352301518	3.106342819904322	12.613799309299921	34.98265373121725	30.405856356483778
2018	3	2018.204	9.9	6.706111524129748	2.114238960837958	13.306739653650348	34.664128480620164	31.203947363230608
2018	4	2018.286	7.8	6.281537097960132	1.4789939381436645	14.052571889976734	34.26937183772925	32.10652585129371
2018	5	2018.371	7.5	6.380328702441888	1.4169873602491543	14.718483109358052	33.86839900412552	33.168212842296995
2018	6	2018.453	7.2	6.469234782290481	1.4729655236138006	15.339792324545039	33.412080348993335	34.30438487450541
2018	7	2018.538	7.	6.586376609529522	1.5937596496007003	16.017505175557737	32.8572714198675	35.6674367645816
2018	8	2018.623	6.7	6.716392862315546	1.7285376142963367	16.63779006440209	32.26284296069519	37.17226367894557
2018	9	2018.705	6.5	6.815957878143983	1.8553201758970665	17.1746974651425	31.60404568871277	38.97189178494792
2018	10	2018.79	6.8	6.885395411850617	2.0407219863702246	17.66386906188053	30.93898809167861	41.068520451623804
2018	11	2018.873	6.7	6.993708073293243	2.2368937792613734	18.190861951376363	30.191437889715722	43.0003428755392
2018	12	2018.958	6.	7.139867289994421	2.4113661018077264	18.641621891792454	29.363597367677954	44.8684799517476